0.9500000000  -52.164907617316  2.4107351012795E-14
0.9501000000  -55.388448572325  -1.2611080606405E-13
0.9502000000  -58.813703086524  8.7733333295625E-14
0.9503000000  -62.461348140690  2.3100206066172E-14
0.9504000000  -66.354978666655  2.6414819324714E-13
0.9505000000  -70.521641828465  1.8097802349447E-13
0.9506000000  -74.992492310888  -5.9985279821225E-14
0.9507000000  -79.803603833636  2.0747031562180E-13
0.9508000000  -84.996979418760  -2.4535426735708E-14
0.9509000000  -90.621822215828  1.3645777241231E-13
0.9510000000  -96.736149868170  -5.4002558523482E-14
0.9511000000  -103.40885825819  -2.4212749227029E-14
0.9512000000  -110.72239866205  1.4349373146060E-13
0.9513000000  -118.77630273717  7.9223506028630E-14
0.9514000000  -127.69182249187  -1.2257272853806E-13
0.9515000000  -137.61814658526  1.2735127580163E-13
0.9516000000  -148.74104742656  -3.0272490811393E-13
0.9517000000  -161.29477738590  6.3011576082966E-15
0.9518000000  -175.57898953067  -2.3316352723344E-13
0.9519000000  -191.98326896692  -1.0057558522526E-13
0.9520000000  -211.02361846716  -1.5781129410251E-13
0.9521000000  -233.39825923531  -8.2181616167134E-14
0.9522000000  -260.07584989107  -7.1953070139431E-14
0.9523000000  -292.44047247511  -2.7527953943095E-13
0.9524000000  -332.54106963517  5.3624446744235E-14
0.9525000000  -383.54515754983  -2.1695065976241E-13
0.9526000000  -450.62279685617  -2.2235704173031E-13
0.9527000000  -542.82623111060  8.2635036407057E-14
0.9528000000  -677.57591401510  -6.0840550494982E-14
0.9529000000  -893.23689753048  -3.3674111228064E-13
0.9530000000  -1294.1229991921  -1.0276193628583E-13
0.9531000000  -2298.9928734742  4.5423886883581E-13
0.9532000000  -9449.6775129052  -7.2688509498646E-13
0.9533000000  4648.0581424074  -2.8084954335229E-13
0.9534000000  1892.7811860499  -3.9398653739961E-14
0.9535000000  1198.9178971289  2.4149143300055E-13
0.9536000000  882.78412220964  -1.5257469976067E-13
0.9537000000  701.88494925335  3.9573531745089E-13
0.9538000000  584.70600000362  -1.8357785839652E-13
0.9539000000  502.60054156780  1.0980093780764E-13
0.9540000000  441.85553622665  2.0637966344219E-13
0.9541000000  395.08237804435  5.2136694038488E-14
0.9542000000  357.94780508545  2.6406268427211E-15
0.9543000000  327.74255213237  -3.6735836915064E-14
0.9544000000  302.68573116131  1.5151721549679E-13
0.9545000000  281.55855934100  1.0407240254348E-13
0.9546000000  263.49879814538  2.9804551575910E-13
0.9547000000  247.87925941475  8.4399147009504E-14
0.9548000000  234.23282317645  -2.5631371829334E-14
0.9549000000  222.20443159084  -8.8412937568452E-14
0.9550000000  211.51938652884  -4.2528783506553E-14
0.9551000000  201.96183048395  -8.4905178676457E-14
0.9552000000  193.35979481746  -9.3794372880483E-14
0.9553000000  185.57458018461  -9.2431016506421E-14
0.9554000000  178.49308665267  -1.7900903981537E-13
0.9555000000  172.02216373973  5.5588869037943E-14
0.9556000000  166.08439966538  5.9663263973659E-14
0.9557000000  160.61493084596  2.1051265782919E-13
0.9558000000  155.55899801403  1.5138354420276E-13
0.9559000000  150.87005191181  -2.0150514884299E-13
0.9560000000  146.50827079218  9.5685649535639E-14
0.9561000000  142.43938634619  -1.0998369141709E-13
0.9562000000  138.63374836266  1.8817843945594E-13
0.9563000000  135.06557146009  -2.8099371448792E-14
0.9564000000  131.71232563935  1.9240619131815E-13
0.9565000000  128.55423764241  -6.8229436579945E-14
0.9566000000  125.57388175213  -2.1960799125405E-14
0.9567000000  122.75584105569  -2.0887682722371E-13
0.9568000000  120.08642607852  -1.0923013703006E-13
0.9569000000  117.55343898556  9.0931531733288E-14
0.9570000000  115.14597621747  -1.6764728493735E-13
0.9571000000  112.85426030387  8.0078929469038E-14
0.9572000000  110.66949851160  -1.3611127440639E-13
0.9573000000  108.58376141103  2.6956396250746E-14
0.9574000000  106.58987961145  1.0716116824559E-13
0.9575000000  104.68135448414  -9.8659988725716E-14
0.9576000000  102.85228129098  -3.2080294447528E-14
0.9577000000  101.09728294059  -1.0408430449616E-13
0.9578000000  99.411451959329  -4.6096466088131E-14
0.9579000000  97.790300273106  7.8214990583435E-14
0.9580000000  96.229715133827  -1.0845637031060E-13
0.9581000000  94.725920692249  1.6711333836980E-13
0.9582000000  93.275443981892  -1.6983902221704E-13
0.9583000000  91.875084854604  -2.2808263321682E-13
0.9584000000  90.521889866361  3.4354791143357E-14
0.9585000000  89.213128540842  -7.1691682793410E-14
0.9586000000  87.946272781550  2.2292476956065E-13
0.9587000000  86.718978327109  -2.7919813277456E-13
0.9588000000  85.529068002501  2.1010952934519E-13
0.9589000000  84.374517318274  -2.4931926587089E-13
0.9590000000  83.253440816412  -1.8951933571654E-13
0.9591000000  82.164080537981  3.3061445181715E-13
0.9592000000  81.104795024752  1.8036504882963E-13
0.9593000000  80.074049972803  2.4652277258527E-13
0.9594000000  79.070409290249  1.4393261392308E-14
0.9595000000  78.092527416638  -2.6799455666784E-13
0.9596000000  77.139141996647  2.7495078697488E-13
0.9597000000  76.209067596404  2.1797033684569E-13
0.9598000000  75.301189741309  -9.7305123137292E-14
0.9599000000  74.414459543700  -1.9797850084421E-13
0.9600000000  73.547888924488  1.3142493551438E-13
0.9601000000  72.700546021938  -1.7449513619013E-13
0.9602000000  71.871549872688  -2.1703092476708E-13
0.9603000000  71.060069172825  -2.1111655560702E-13
0.9604000000  70.265319211631  5.0577638327542E-14
0.9605000000  69.486555924017  2.8104427298891E-13
0.9606000000  68.723074309434  5.8519681334113E-14
0.9607000000  67.974205814112  -1.3807782066709E-13
0.9608000000  67.239315864814  9.3196299234805E-14
0.9609000000  66.517801576730  1.6572585177304E-13
0.9610000000  65.809089821828  -4.1809363816343E-14
0.9611000000  65.112635142379  2.4648933384121E-13
0.9612000000  64.427918056666  -3.6737572524122E-14
0.9613000000  63.754443387071  -2.3384607534726E-13
0.9614000000  63.091738825267  1.1800851525368E-14
0.9615000000  62.439353316357  1.4355931760833E-13
0.9616000000  61.796856013357  4.6334517046233E-14
0.9617000000  61.163834796741  -1.6523049051869E-13
0.9618000000  60.539895291923  1.2084724908952E-13
0.9619000000  59.924659724631  -1.6735933915454E-13
0.9620000000  59.317765993928  -1.9570244336775E-13
0.9621000000  58.718866698758  -2.1565112929466E-13
0.9622000000  58.127628298424  -2.4372308258776E-13
0.9623000000  57.543730295459  -1.1850281167058E-13
0.9624000000  56.966864484354  -1.2572590522062E-13
0.9625000000  56.396734239489  -1.3877069287003E-14
0.9626000000  55.833053778844  -1.4974133445498E-13
0.9627000000  55.275547692044  -1.6693834776694E-13
0.9628000000  54.723950153303  1.0845692439759E-13
0.9629000000  54.178004604779  -3.1786680395367E-13
0.9630000000  53.637462965564  4.8026919960427E-14
0.9631000000  53.102085370709  -1.7143586230707E-13
0.9632000000  52.571639545658  1.3696061815526E-13
0.9633000000  52.045900487654  2.1359987004512E-13
0.9634000000  51.524649959463  -5.2534197047589E-14
0.9635000000  51.007676123063  1.2475032376016E-13
0.9636000000  50.494773156316  2.1172303159944E-15
0.9637000000  49.985740937810  -9.2068196429265E-14
0.9638000000  49.480384688186  -1.9351984845037E-13
0.9639000000  48.978514648659  8.4981775195705E-14
0.9640000000  48.479945726331  9.5633646575646E-14
0.9641000000  47.984497271386  -7.8956771063965E-14
0.9642000000  47.491992767173  3.8316649724722E-14
0.9643000000  47.002259611838  1.1536724310431E-13
0.9644000000  46.515128725536  -1.4665341749235E-13
0.9645000000  46.030434476817  4.1822484277294E-14
0.9646000000  45.548014312112  -7.7537258025775E-14
0.9647000000  45.067708649026  2.1971492338001E-13
0.9648000000  44.589360468242  7.5016681291048E-14
0.9649000000  44.112815355225  2.0536716109800E-13
0.9650000000  43.637921085893  -5.5670493715396E-14
0.9651000000  43.164527487288  2.4699594633811E-13
0.9652000000  42.692486327080  -1.4888814365881E-13
0.9653000000  42.221650970842  2.6639407549467E-13
0.9654000000  41.751876312950  3.2079132836463E-14
0.9655000000  41.283018582285  -1.6807228575551E-13
0.9656000000  40.814935137887  2.0966415749172E-14
0.9657000000  40.347484257895  -2.6091796117980E-13
0.9658000000  39.880525032769  -4.7014776923452E-14
0.9659000000  39.413917203929  -1.2798896743875E-13
0.9660000000  38.947520914744  -4.5960907789313E-14
0.9661000000  38.481196625969  -2.2791119158055E-13
0.9662000000  38.014804857573  -2.4648952239182E-13
0.9663000000  37.548206179020  -1.1450680910457E-13
0.9664000000  37.081260828462  2.2075671256246E-14
0.9665000000  36.613828741163  -2.5564424518495E-13
0.9666000000  36.145769283083  2.4206835484341E-13
0.9667000000  35.676941041640  -2.8142196706638E-13
0.9668000000  35.207201788036  -6.0840508713271E-14
0.9669000000  34.736408179001  -5.4041491109521E-14
0.9670000000  34.264415653868  -1.9381470043826E-13
0.9671000000  33.791078223446  -2.1184951224412E-13
0.9672000000  33.316248246719  -2.4882898393976E-13
0.9673000000  32.839776365685  -1.9376079862164E-13
0.9674000000  32.361511208919  -1.1014072975135E-13
0.9675000000  31.881299181321  -2.0601855317431E-13
0.9676000000  31.398984411679  1.0127762497694E-13
0.9677000000  30.914408266411  -2.2254357822772E-13
0.9678000000  30.427409460668  1.1418187712243E-14
0.9679000000  29.937823632046  1.4585543748510E-13
0.9680000000  29.445483068254  -8.6157975501139E-14
0.9681000000  28.950216683884  -2.5056073898562E-13
0.9682000000  28.451849542239  8.5124606781958E-15
0.9683000000  27.950202772844  1.3826174366971E-13
0.9684000000  27.445093060601  2.0069165345603E-13
0.9685000000  26.936332733011  9.3201466875100E-16
0.9686000000  26.423729040741  2.7135026786894E-13
0.9687000000  25.907084172289  -7.9554609266682E-14
0.9688000000  25.386194742404  -7.4768104591347E-14
0.9689000000  24.860851556189  2.4670773245470E-13
0.9690000000  24.330839157607  8.7332924945743E-14
0.9691000000  23.795934567959  1.3611880002117E-13
0.9692000000  23.255900757560  2.8493976655382E-15
0.9693000000  22.710509624214  2.9013741219148E-13
0.9694000000  22.159516682607  1.6167982847152E-13
0.9695000000  21.602669171949  8.2327916842213E-14
0.9696000000  21.039705468352  2.8338040105008E-13
0.9697000000  20.470354533402  1.1495610747711E-13
0.9698000000  19.894335342238  -2.7529310598298E-13
0.9699000000  19.311356251027  8.8905497012797E-14
0.9700000000  18.721114466457  -9.0500432952527E-15
0.9701000000  18.123295255110  1.3691832163808E-13
0.9702000000  17.517571278604  -1.4294755875822E-13
0.9703000000  16.903601755310  -1.7222078269522E-13
0.9704000000  16.281031648875  -3.1698482495560E-13
0.9705000000  15.649490785593  2.0908841263608E-13
0.9706000000  15.008592945482  2.0478092560964E-13
0.9707000000  14.357934783314  -3.4293871859371E-14
0.9708000000  13.697094714877  -1.7559160617978E-13
0.9709000000  13.025631841333  1.8403973567816E-13
0.9710000000  12.343084726888  7.7482164594854E-14
0.9711000000  11.648969760205  -1.6665629290795E-13
0.9712000000  10.942780053154  -2.3038029632221E-15
0.9713000000  10.223983596247  1.5187629552034E-13
0.9714000000  9.4920218416772  -4.6201350826018E-14
0.9715000000  8.7463075368313  -1.0940776895613E-13
0.9716000000  7.9862231177191  -2.3042678020711E-13
0.9717000000  7.2111182314245  1.8064779169855E-14
0.9718000000  6.4203076208116  1.0351725963329E-13
0.9719000000  5.6130686494800  -2.0032205233537E-13
0.9720000000  4.7886384197605  2.6552607688930E-13
0.9721000000  3.9462108619970  1.3309561154826E-13
0.9722000000  3.0849336690820  -1.2261944738168E-13
0.9723000000  2.2039044457111  -1.8505909534944E-13
0.9724000000  1.3021672859449  -2.4821428865765E-13
0.9725000000  0.37870820023116  -1.7238723233078E-13
0.9726000000  -0.56754920486851  1.4273498992476E-13
0.9727000000  -1.5377488327425  3.2670370639028E-13
0.9728000000  -2.5331077479823  -5.6554835508269E-14
0.9729000000  -3.5549219575206  -6.4809273728263E-14
0.9730000000  -4.6045732757033  7.1710226765776E-14
0.9731000000  -5.6835366303025  -2.0278830607051E-13
0.9732000000  -6.7933882363865  1.4368169749734E-13
0.9733000000  -7.9358144145591  -4.5572464774705E-14
0.9734000000  -9.1126215657757  -7.6017606662069E-14
0.9735000000  -10.325747599284  8.1310875423951E-14
0.9736000000  -11.577273352424  -1.3428457005010E-13
0.9737000000  -12.869437173974  -9.8472470713855E-14
0.9738000000  -14.204649685654  1.3393811102600E-13
0.9739000000  -15.585510890439  -8.8491919651275E-15
0.9740000000  -17.014829308284  2.2464375244387E-13
0.9741000000  -18.495643708151  5.4827264403035E-15
0.9742000000  -20.031247053166  -1.0733109858408E-13
0.9743000000  -21.625213846503  2.1990557014408E-14
0.9744000000  -23.281431254267  1.6459237013465E-13
0.9745000000  -25.004133909259  -1.2615068418565E-13
0.9746000000  -26.797943985404  2.6655347735906E-13
0.9747000000  -28.667916888392  3.6690989841224E-15
0.9748000000  -30.619593271761  2.1108038441371E-13
0.9749000000  -32.659058307056  -2.2873176634174E-13
0.9750000000  -34.793011762779  2.3404226098159E-13
0.9751000000  -37.028846487663  5.7952493496430E-14
0.9752000000  -39.374741344507  -2.8393024382680E-13
0.9753000000  -41.839768437820  -2.6265203818788E-14
0.9754000000  -44.434019113038  -2.0103637360151E-13
0.9755000000  -47.168750649328  1.8162341366805E-13
0.9756000000  -50.056560767764  2.1892057900234E-13
0.9757000000  -53.111593032622  4.3034528615658E-14
0.9758000000  -56.349781867861  2.9935151306788E-13
0.9759000000  -59.789145289720  1.3359328523406E-13
0.9760000000  -63.450137646678  2.3630119554131E-13
0.9761000000  -67.356076038338  1.3325728267006E-13
0.9762000000  -71.533659082662  2.3508129454906E-13
0.9763000000  -76.013604083760  6.7247233971891E-14
0.9764000000  -80.831432435339  -1.6140809090433E-13
0.9765000000  -86.028448167990  -2.1189160163182E-13
0.9766000000  -91.652963849993  -2.5516391437296E-13
0.9767000000  -97.761855230701  -1.0137500189997E-13
0.9768000000  -104.42254351687  1.9335691071735E-13
0.9769000000  -111.71556315794  -2.4085440844810E-13
0.9770000000  -119.73791019432  2.1326104288204E-13
0.9771000000  -128.60747648855  1.5322179490346E-13
0.9772000000  -138.46899785412  -1.3534565975472E-13
0.9773000000  -149.50215627894  1.0857415227796E-13
0.9774000000  -161.93280467568  -1.8316471238699E-13
0.9775000000  -176.04881808238  5.5996636082052E-14
0.9776000000  -192.22295089033  -2.4483358091379E-13
0.9777000000  -210.94661191031  -2.3597069007855E-14
0.9778000000  -232.88116461077  1.6366868984858E-14
0.9779000000  -258.93835182175  -9.5267628000395E-15
0.9780000000  -290.41116680048  1.3154411608913E-13
0.9781000000  -329.19642818575  9.5810988818459E-14
0.9782000000  -378.19392378798  -1.7207238531833E-13
0.9783000000  -442.06978770164  -2.0847813961208E-13
0.9784000000  -528.84386662474  2.6899784253163E-13
0.9785000000  -653.56231503467  2.9089240209620E-13
0.9786000000  -848.15048564847  3.1955305042198E-13
0.9787000000  -1194.3080152293  2.1068346862695E-14
0.9788000000  -1982.4702741908  -2.0853880028071E-13
0.9789000000  -5557.0385048715  8.0639211051124E-13
0.9790000000  7325.5175929047  -1.8695075710526E-13
0.9791000000  2245.4545056781  -9.7574148173376E-14
0.9792000000  1338.8448355615  -1.8049708062097E-13
0.9793000000  960.10483234066  -2.8367124045152E-13
0.9794000000  752.11460963817  -1.2812901353336E-13
0.9795000000  620.61349327692  1.9042553837463E-13
0.9796000000  529.93881213210  9.1594892872098E-14
0.9797000000  463.61584570228  3.0170286098425E-15
0.9798000000  412.98298809149  5.6863899818371E-14
0.9799000000  373.05098127275  -2.4621614046248E-13
0.9800000000  340.74317905061  -1.9097707540262E-13
0.9801000000  314.05921762626  -7.8671068704509E-14
0.9802000000  291.64222081012  -7.6905561350436E-14
0.9803000000  272.53931155009  2.8440674188780E-13
0.9804000000  256.06166441096  -1.6991753683817E-13
0.9805000000  241.69897275651  2.0502339712007E-13
0.9806000000  229.06512976272  -1.4890614152710E-14
0.9807000000  217.86261232825  2.5933082888017E-14
0.9808000000  207.85845310555  1.1388159257359E-13
0.9809000000  198.86763263237  2.2856946821798E-13
0.9810000000  190.74134687243  -2.4800667536613E-13
0.9811000000  183.35855821427  1.8757495818118E-14
0.9812000000  176.61980950197  -6.7004893777498E-14
0.9813000000  170.44261670820  3.3151819784234E-13
0.9814000000  164.75799833154  1.7349839760131E-13
0.9815000000  159.50781889312  1.8869517826754E-13
0.9816000000  154.64273857704  -2.0712862534602E-13
0.9817000000  150.12061051793  -2.5964470777381E-13
0.9818000000  145.90521425598  9.9595582044628E-14
0.9819000000  141.96525087759  1.5369966586359E-13
0.9820000000  138.27353352596  1.4966580156733E-13
0.9821000000  134.80633344297  -1.3514328951364E-13
0.9822000000  131.54284692709  -1.9631416186568E-14
0.9823000000  128.46475754851  -5.5040120267366E-15
0.9824000000  125.55587579747  -2.5510228148459E-13
0.9825000000  122.80183812125  -4.4200164366490E-14
0.9826000000  120.18985649294  2.7714162560490E-13
0.9827000000  117.70850830553  -1.1989115359272E-13
0.9828000000  115.34755845892  5.2520468248650E-14
0.9829000000  113.09780878408  -4.6391728698710E-14
0.9830000000  110.95097008985  1.3979275255555E-13
0.9831000000  108.89955170277  -1.7599546558996E-13
0.9832000000  106.93676826690  -8.9482616377620E-14
0.9833000000  105.05645810524  -5.6130733247609E-14
0.9834000000  103.25301291845  -2.3950111592629E-13
0.9835000000  101.52131700369  3.5577771809108E-14
0.9836000000  99.856694403880  1.7287455130991E-13
0.9837000000  98.254862168875  -7.6415537017112E-15
0.9838000000  96.711889743906  -9.4231756297291E-14
0.9839000000  95.224163700780  -4.0539788708490E-14
0.9840000000  93.788356227521  -2.5057580213309E-13
0.9841000000  92.401396814380  1.6361864749179E-13
0.9842000000  91.060448225768  -5.1334523379786E-14
0.9843000000  89.762884575310  -2.6287538373056E-13
0.9844000000  88.506271615396  -2.9076678687816E-13
0.9845000000  87.288349733528  -9.8353872971223E-14
0.9846000000  86.107018406352  -6.7353188182377E-14
0.9847000000  84.960322109932  -1.7247580716624E-13
0.9848000000  83.846438209494  -1.1265969818895E-13
0.9849000000  82.763665477091  1.5204630977931E-13
0.9850000000  81.710414147451  -1.5520599913396E-13
0.9851000000  80.685196965043  -1.4065833911735E-13
0.9852000000  79.686620635738  -3.3776897016786E-14
0.9853000000  78.713378596981  -2.1297868915368E-13
0.9854000000  77.764244319921  5.1585868479796E-14
0.9855000000  76.838065027714  -2.4198381737949E-13
0.9856000000  75.933756127981  1.5655244430490E-13
0.9857000000  75.050296270403  -4.9347327102596E-14
0.9858000000  74.186722565787  -1.4001999127017E-13
0.9859000000  73.342126372380  -2.2106075125678E-13
0.9860000000  72.515649402402  5.1233531361400E-14
0.9861000000  71.706480335885  8.2331853141351E-14
0.9862000000  70.913851326189  9.5214517819385E-14
0.9863000000  70.137035062944  -1.2227622640725E-13
0.9864000000  69.375342135531  2.5470226455388E-13
0.9865000000  68.628118407697  -3.1675591577896E-13
0.9866000000  67.894742675706  -1.7934311733915E-13
0.9867000000  67.174624502840  -7.6065045192682E-14
0.9868000000  66.467202235338  -1.6297006096500E-14
0.9869000000  65.771941251551  9.5647009366800E-14
0.9870000000  65.088332105879  -9.0586080077072E-14
0.9871000000  64.415889021001  3.0270701504418E-13
0.9872000000  63.754146019425  -3.0765988108261E-13
0.9873000000  63.102661192040  3.2595935401921E-14
0.9874000000  62.461012583145  8.4746013900399E-14
0.9875000000  61.828795243292  -1.4526977253639E-13
0.9876000000  61.205621692674  -9.4006676371462E-14
0.9877000000  60.591120528122  2.6649010484653E-13
0.9878000000  59.984935725902  -2.0953072848456E-13
0.9879000000  59.386725606442  -2.0993757353273E-13
0.9880000000  58.796162027869  2.4027000612535E-13
0.9881000000  58.212929644927  -1.1509663250288E-13
0.9882000000  57.636725214225  1.1241359786680E-13
0.9883000000  57.067256695496  1.4629281837734E-13
0.9884000000  56.504242864132  -4.6727155449349E-14
0.9885000000  55.947412499965  1.8701990479725E-13
0.9886000000  55.396504002651  8.3337443050601E-14
0.9887000000  54.851264655503  -8.9847624651083E-14
0.9888000000  54.311450230113  2.5943706934938E-13
0.9889000000  53.776824592846  4.9642028375011E-14
0.9890000000  53.247159054728  1.4413938332585E-13
0.9891000000  52.722232013082  1.7587284280452E-13
0.9892000000  52.201828696490  7.7109206058123E-14
0.9893000000  51.685740533925  2.5557609843279E-13
0.9894000000  51.173765050444  1.2421360629846E-13
0.9895000000  50.665705242218  -1.3948344071909E-13
0.9896000000  50.161369531615  -5.4454695996239E-14
0.9897000000  49.660571244794  -2.0823656937161E-13
0.9898000000  49.163128394822  6.5645603328954E-14
0.9899000000  48.668863407020  1.4612505485869E-13
0.9900000000  48.177602837358  -2.1640775036939E-13
0.9901000000  47.689177128198  1.2541890565232E-13
0.9902000000  47.203420300272  6.6786524179568E-14
0.9903000000  46.720169769630  1.7448867964320E-13
0.9904000000  46.239266095594  -9.5268683131030E-14
0.9905000000  45.760552798693  1.7040255342428E-13
0.9906000000  45.283876071217  -1.4877904019218E-13
0.9907000000  44.809084668893  -2.4106276342148E-13
0.9908000000  44.336029644679  2.4735985525365E-13
0.9909000000  43.864564124328  1.2605707014646E-13
0.9910000000  43.394543192134  -9.7778771324575E-14
0.9911000000  42.925823736156  -7.0935394194860E-14
0.9912000000  42.458264146725  1.5183499715293E-14
0.9913000000  41.991724269026  -2.6792807008052E-14
0.9914000000  41.526065146368  -1.8903449630952E-13
0.9915000000  41.061148824915  -3.0897305028449E-14
0.9916000000  40.596838411287  1.0010332581505E-13
0.9917000000  40.132997557705  1.8773407316187E-13
0.9918000000  39.669490630496  -1.0269977907837E-13
0.9919000000  39.206182307752  -2.1309810025604E-13
0.9920000000  38.742937634269  -9.2008265771654E-14
0.9921000000  38.279621665544  -1.1480446374894E-13
0.9922000000  37.816099448063  -3.5037683679911E-15
0.9923000000  37.352235785471  2.4550323098808E-13
0.9924000000  36.887895154395  -1.5879951048015E-13
0.9925000000  36.422941460380  4.0389378844193E-14
0.9926000000  35.957237935243  1.2423870843938E-13
0.9927000000  35.490646937683  1.4930682905747E-13
0.9928000000  35.023029889786  2.2791003067227E-13
0.9929000000  34.554246968009  -9.9462223605259E-14
0.9930000000  34.084156994734  1.1840541180244E-13
0.9931000000  33.612617273888  -1.8395720831068E-13
0.9932000000  33.139483471223  1.5666621145709E-13
0.9933000000  32.664609338273  -1.4991020897859E-13
0.9934000000  32.187846515035  -6.9692618224123E-14
0.9935000000  31.709044508659  1.4850586678381E-13
0.9936000000  31.228050268454  4.5738291446567E-14
0.9937000000  30.744708138594  -5.8073361330230E-14
0.9938000000  30.258859593938  -1.5466614968832E-13
0.9939000000  29.770343037366  2.5294259060142E-13
0.9940000000  29.278993577261  2.2073781755590E-13
0.9941000000  28.784642754987  -6.0665796585460E-14
0.9942000000  28.287118369108  -1.1404735272505E-13
0.9943000000  27.786244132390  5.9229033060426E-14
0.9944000000  27.281839535197  6.8211821495359E-14
0.9945000000  26.773719374998  -2.2464848137132E-13
0.9946000000  26.261693731236  -1.9314149881523E-13
0.9947000000  25.745567345438  1.2657111329312E-13
0.9948000000  25.225139552853  -1.8405779294509E-13
0.9949000000  24.700203877001  -7.4364119895678E-14
0.9950000000  24.170547590974  -3.3129569508832E-13
0.9951000000  23.635951436085  -1.6106201600206E-13
0.9952000000  23.096189147376  -4.3653266341143E-14
0.9953000000  22.551027188888  -1.6687890884772E-14
0.9954000000  22.000224174149  -3.4186686130693E-14
0.9955000000  21.443530381931  -1.3745832393940E-13
0.9956000000  20.880687332070  -1.1836610237701E-13
0.9957000000  20.311427309565  -1.9049881225706E-13
0.9958000000  19.735472752160  1.6116597670201E-14
0.9959000000  19.152535531028  -1.3691869377341E-13
0.9960000000  18.562316704860  -6.1783856808086E-14
0.9961000000  17.964505258848  -2.3425029033071E-14
0.9962000000  17.358777972259  -4.9827110771618E-14
0.9963000000  16.744792182787  1.1265225140672E-15
0.9964000000  16.122198665764  -9.7338316634519E-14
0.9965000000  15.490636230479  2.5867854800758E-13
0.9966000000  14.849723730399  -6.6326710021057E-14
0.9967000000  14.199063104727  -1.7038620635493E-13
0.9968000000  13.538238572380  -3.4079246668790E-14
0.9969000000  12.866815126185  -3.1984001552289E-14
0.9970000000  12.184337777338  -1.9734977274309E-13
0.9971000000  11.490329790200  5.2592029837630E-15
0.9972000000  10.784291646411  -2.5235949342525E-13
0.9973000000  10.065699262652  -2.8707937024608E-13
0.9974000000  9.3340025085910  7.9170719412542E-14
0.9975000000  8.5886232442421  1.2485207110417E-13
0.9976000000  7.8289537198144  -2.4592313810106E-13
0.9977000000  7.0543541861902  -1.7868666320151E-13
0.9978000000  6.2641508550780  -4.1431499642672E-14
0.9979000000  5.4576333681709  1.0579302276738E-14
0.9980000000  4.6340522449850  -7.1184449079823E-14
0.9981000000  3.7926159730330  8.5997282866502E-14
0.9982000000  2.9324879451667  1.6021043078153E-13
0.9983000000  2.0527829826216  3.4963890831721E-14
0.9984000000  1.1525636942607  7.9786597266790E-14
0.9985000000  0.23083654731562  -6.0911137165669E-14
0.9986000000  -0.71345272503825  -5.8348889218415E-14
0.9987000000  -1.6814238055395  2.6983736871403E-13
0.9988000000  -2.6742671585800  -8.9386300750637E-15
0.9989000000  -3.6932498734448  3.6523998094982E-14
0.9990000000  -4.7397218660845  8.0762717022969E-14
0.9991000000  -5.8151230876223  -1.7524744118603E-13
0.9992000000  -6.9209911844375  2.7876968865583E-13
0.9993000000  -8.0589701237669  -1.9933308412296E-13
0.9994000000  -9.2308196861807  -1.9533707276459E-13
0.9995000000  -10.438425778666  -2.6608390401978E-13
0.9996000000  -11.683812433246  -4.0355499569372E-14
0.9997000000  -12.969154559984  1.8180805882904E-13
0.9998000000  -14.296792288294  -1.7954745988408E-13
0.9999000000  -15.669247557814  -1.4144210862247E-13
1.000000000  -17.089241958890  1.6345744544882E-13
1.000100000  -18.559716961036  -1.2473465762433E-13
1.000200000  -20.083856883081  -3.0504628379515E-13
1.000300000  -21.665114573139  1.7939992661400E-13
1.000400000  -23.307240491521  2.5073067624974E-13
1.000500000  -25.014315754086  1.7365769832602E-13
1.000600000  -26.790789421247  1.5117938978780E-13
1.000700000  -28.641520748055  1.2521069003387E-13
1.000800000  -30.571828645872  5.6699874352164E-14
1.000900000  -32.587546729309  4.8075427275012E-14
1.001000000  -34.695087382980  -1.7000667287550E-13
1.001100000  -36.901515915417  2.3479137485895E-13
1.001200000  -39.214635900843  4.4699679465560E-14
1.001300000  -41.643088122302  -1.5088717326897E-13
1.001400000  -44.196466163486  -9.7844840416258E-14
1.001500000  -46.885452427262  -2.4352330501633E-13
1.001600000  -49.721976114782  -2.9884039566179E-13
1.001700000  -52.719401555808  1.0254293027632E-13
1.001800000  -55.892751618133  -2.5156254063664E-13
1.001900000  -59.258971234392  1.0977159541730E-14
1.002000000  -62.837248004131  1.1748026795596E-13
1.002100000  -66.649394495266  1.2573758668210E-13
1.002200000  -70.720313354022  -6.0601453359475E-14
1.002300000  -75.078565731600  1.2786201349126E-13
1.002400000  -79.757067987284  -2.7421887333650E-14
1.002500000  -84.793956238029  -1.0889420210116E-14
1.002600000  -90.233663194323  9.1125956944004E-14
1.002700000  -96.128274745149  8.3993257344441E-14
1.002800000  -102.53925080773  -1.0403698853882E-13
1.002900000  -109.53963737758  1.4899340032380E-13
1.003000000  -117.21692678351  -1.7140918901925E-13
1.003100000  -125.67682211467  -2.6853344952196E-13
1.003200000  -135.04822767937  -1.7926475270597E-13
1.003300000  -145.48999469143  -3.1696643574760E-13
1.003400000  -157.20014538200  -2.2753920148930E-13
1.003500000  -170.42874811927  2.8262377677996E-13
1.003600000  -185.49621572146  1.9353221141798E-13
1.003700000  -202.81991465641  -2.2882336451202E-13
1.003800000  -222.95383652249  9.8108156951053E-14
1.003900000  -246.64949285767  -1.3284620572227E-13
1.004000000  -274.95255405008  -1.9557784763562E-14
1.004100000  -309.36239493292  1.5571442421466E-13
1.004200000  -352.10810216815  6.7441281089465E-14
1.004300000  -406.65390043914  2.1012106602901E-14
1.004400000  -478.69219296021  -9.4393045143099E-14
1.004500000  -578.27827458716  -6.9010434403876E-14
1.004600000  -725.00099423367  1.1110798368727E-16
1.004700000  -962.79134998394  6.8527970062159E-14
1.004800000  -1414.7741889947  6.2201287543911E-14
1.004900000  -2608.1226859883  1.6814314289345E-13
1.005000000  -14702.637506561  3.3526390957088E-13
1.005100000  4170.8151540867  -2.7534197098727E-13
1.005200000  1850.9291176740  1.5654056286808E-13
1.005300000  1199.2624273842  -1.8134617425224E-13
1.005400000  892.21260054187  -2.1128817174296E-13
1.005500000  713.54191136445  -2.1072341231671E-13
1.005600000  596.63034815382  -1.3888566172804E-13
1.005700000  514.15520891154  4.2386112353107E-14
1.005800000  452.83947490855  -4.5520023899580E-14
1.005900000  405.45414441174  3.1410524111958E-14
1.006000000  367.72653071202  1.4210803180458E-13
1.006100000  336.96919405493  2.4012074191204E-14
1.006200000  311.40715612439  -5.6044288720975E-15
1.006300000  289.82093309512  9.3353808569043E-14
1.006400000  271.34500108644  -2.3368433434743E-13
1.006500000  255.34805396878  -1.6205396741659E-13
1.006600000  241.35880334812  -9.2980987284272E-14
1.006700000  229.01829529700  -1.9908034162121E-13
1.006800000  218.04832327176  -2.1377242937927E-13
1.006900000  208.22993016188  -1.4588829645439E-13
1.007000000  199.38843579368  1.1214968002065E-13
1.007100000  191.38277816113  8.7090105711012E-14
1.007200000  184.09780057283  -1.5804471917543E-13
1.007300000  177.43856411311  -2.2726020246075E-13
1.007400000  171.32609685664  -1.7928603299909E-13
1.007500000  165.69417242575  2.3564946374207E-13
1.007600000  160.48683826844  -1.2808046424154E-13
1.007700000  155.65649723842  -2.0738270818698E-13
1.007800000  151.16240417545  -1.3704669170381E-13
1.007900000  146.96947494810  -2.8517681646768E-13
1.008000000  143.04733630820  1.4205221660114E-13
1.008100000  139.36956088994  1.3799194433489E-13
1.008200000  135.91304612457  3.5735826968512E-13
1.008300000  132.65750707758  3.5033738017483E-14
1.008400000  129.58505951338  -9.8279790010619E-14
1.008500000  126.67987499539  3.1633006799964E-13
1.008600000  123.92789270639  -1.7811619167237E-13
1.008700000  121.31658035331  6.2950783273426E-14
1.008800000  118.83473105830  -2.5639013942018E-14
1.008900000  116.47229257586  2.8696552940192E-13
1.009000000  114.22022238402  2.1632633958040E-13
1.009100000  112.07036377930  -1.2725685429368E-13
1.009200000  110.01533972520  1.9048498909214E-13
1.009300000  108.04846172819  6.8673099309649E-15
1.009400000  106.16365146650  1.3649658370903E-13
1.009500000  104.35537231004  -1.5585053036014E-13
1.009600000  102.61857024096  -2.4446419310283E-13
1.009700000  100.94862241156  1.1750694479577E-13
1.009800000  99.341291593822  2.6603144924640E-14
1.009900000  97.792687390824  2.0639076570460E-13
1.010000000  96.299230561863  2.7729576617362E-13
1.010100000  94.857622799510  -1.7792446421001E-14
1.010200000  93.464819415384  -4.7668877668499E-14
1.010300000  92.118005629733  2.2236345880042E-14
1.010400000  90.814574775206  2.7916851770210E-13
1.010500000  89.552109384009  2.8627491903910E-13
1.010600000  88.328364311690  -1.3743480791382E-13
1.010700000  87.141251659810  -1.3193899906409E-13
1.010800000  85.988826658353  1.4847221129696E-13
1.010900000  84.869276123122  -2.4675387998478E-13
1.011000000  83.780906882579  -3.0256826348625E-13
1.011100000  82.722136228527  1.4313475296690E-13
1.011200000  81.691482764432  8.8228225430372E-14
1.011300000  80.687558431439  9.8870012938451E-14
1.011400000  79.709061069741  -2.1631561706263E-13
1.011500000  78.754767758269  -2.0205963647972E-13
1.011600000  77.823529039922  1.7058374826267E-13
1.011700000  76.914262976254  -3.0864496455455E-13
1.011800000  76.025950389167  1.2465431962800E-13
1.011900000  75.157630276189  -1.1634419031185E-13
1.012000000  74.308395641686  -1.2070590680113E-13
1.012100000  73.477389391280  1.1320942379741E-13
1.012200000  72.663801211800  -1.4393602499628E-13
1.012300000  71.866864132018  -6.8146616685043E-14
1.012400000  71.085851411871  -8.8727557788165E-14
1.012500000  70.320074231115  1.2970137674099E-13
1.012600000  69.568878686925  2.2345034958786E-16
1.012700000  68.831643871089  8.4408476924544E-14
1.012800000  68.107779493538  3.2871655125004E-13
1.012900000  67.396724095969  -2.2682344888272E-13
1.013000000  66.697942974192  3.5618363122347E-14
1.013100000  66.010926678855  -2.7367770536131E-16
1.013200000  65.335189419652  -1.8137075802531E-13
1.013300000  64.670267448716  3.0828755537445E-13
1.013400000  64.015717997325  2.0571941772485E-13
1.013500000  63.371117707630  -2.6068434878917E-13
1.013600000  62.736061682347  -3.0303942711478E-13
1.013700000  62.110162227385  2.6981492359925E-14
1.013800000  61.493047954872  1.8649950172092E-13
1.013900000  60.884362779329  -7.5780511282952E-14
1.014000000  60.283765123760  3.9080749013980E-14
1.014100000  59.690926718484  -1.0747448880300E-14
1.014200000  59.105532426169  -1.0362827577361E-14
1.014300000  58.527279034434  -8.2251545788703E-14
1.014400000  57.955874661189  -2.0709181273610E-13
1.014500000  57.391038280066  -4.3726000729250E-14
1.014600000  56.832498945748  1.0283667188715E-13
1.014700000  56.279991837707  -1.5473199729887E-14
1.014800000  55.733266809953  1.3240584311741E-13
1.014900000  55.192081071265  2.4156245150378E-14
1.015000000  54.656198900088  2.7699737786527E-13
1.015100000  54.125392130626  -8.7544620282142E-14
1.015200000  53.599439856599  2.2795839301864E-13
1.015300000  53.078127862657  -1.2106235695506E-14
1.015400000  52.561248366370  1.4700767380069E-14
1.015500000  52.048599641969  1.7278248885369E-13
1.015600000  51.539985697046  -1.9261980958511E-13
1.015700000  51.035215820763  -1.2458992831680E-13
1.015800000  50.534104409646  -1.1519572803835E-13
1.015900000  50.036470657621  8.3100027056611E-14
1.016000000  49.542138177254  2.5502706712274E-13
1.016100000  49.050934869504  -2.2797348172543E-13
1.016200000  48.562692531652  -3.4428458401577E-13
1.016300000  48.077246701060  1.4188219393531E-13
1.016400000  47.594436454965  2.0200458963751E-14
1.016500000  47.114104007713  -7.6107469722512E-14
1.016600000  46.636094726936  -1.2149926990342E-13
1.016700000  46.160256719253  -1.4686668367310E-13
1.016800000  45.686440760495  -3.1249495726078E-14
1.016900000  45.214500060409  -2.1503847577244E-13
1.017000000  44.744290073569  1.8451197865693E-13
1.017100000  44.275668275862  1.2025614693044E-13
1.017200000  43.808494079774  -9.4431214025175E-14
1.017300000  43.342628569745  2.1682974563193E-13
1.017400000  42.877934376318  4.4240088280675E-14
1.017500000  42.414275522994  -2.2448742272423E-13
1.017600000  41.951517235965  -2.7233530970627E-13
1.017700000  41.489525804859  -4.1265318183031E-14
1.017800000  41.028168398581  -6.6104237854301E-14
1.017900000  40.567312944662  -1.7030744163137E-13
1.018000000  40.106827990520  1.0293677504301E-14
1.018100000  39.646582492052  -1.7517397451428E-13
1.018200000  39.186445766341  2.8208023366880E-13
1.018300000  38.726287156177  -1.9306623505208E-15
1.018400000  38.265976137289  -1.4346121431431E-14
1.018500000  37.805381960496  -2.0674413244072E-14
1.018600000  37.344373583131  -1.3060534254126E-13
1.018700000  36.882819565205  -1.3421412551269E-13
1.018800000  36.420587827863  1.3659221964677E-13
1.018900000  35.957545564625  -1.1062979223850E-13
1.019000000  35.493559043324  -4.8034492708632E-15
1.019100000  35.028493516556  -8.2801346677387E-15
1.019200000  34.562212986476  -7.6208619268427E-14
1.019300000  34.094580129907  -2.0179468884239E-13
1.019400000  33.625456024699  -9.6071817229817E-14
1.019500000  33.154700086315  -6.1388320902345E-14
1.019600000  32.682169846358  -2.7356107707443E-13
1.019700000  32.207720729658  -2.7367325421424E-13
1.019800000  31.731206037119  -2.4236032961482E-13
1.019900000  31.252476547301  -1.7817937549102E-13
1.020000000  30.771380441470  1.1103671341702E-13
1.020100000  30.287763082925  -2.0765866184791E-13
1.020200000  29.801466821443  6.7868319889238E-14
1.020300000  29.312330737947  -2.3106067294660E-13
1.020400000  28.820190495339  2.7932241312273E-14
1.020500000  28.324878017611  -1.9504563697488E-13
1.020600000  27.826221245432  -1.6941096068081E-13
1.020700000  27.324044013582  -2.9407937952688E-13
1.020800000  26.818165588252  1.8473742592674E-13
1.020900000  26.308400625611  8.4350212937550E-14
1.021000000  25.794558580224  2.4596639026878E-14
1.021100000  25.276443636004  2.4592666156045E-13
1.021200000  24.753854362693  -1.6620240094253E-13
1.021300000  24.226583277719  4.3534475030371E-14
1.021400000  23.694416511518  -2.0948352668157E-13
1.021500000  23.157133477626  2.8896244951620E-13
1.021600000  22.614506444460  3.0205042713214E-13
1.021700000  22.066300158641  2.8805904941370E-13
1.021800000  21.512271345117  -6.1448018013564E-14
1.021900000  20.952168197942  6.0089476162493E-14
1.022000000  20.385729989067  -1.6172466617437E-13
1.022100000  19.812686534079  -7.1372310906341E-15
1.022200000  19.232757479355  -1.4131082891913E-13
1.022300000  18.645651869683  1.5620106247493E-13
1.022400000  18.051067531172  -9.2486259343759E-14
1.022500000  17.448690143542  -1.1976380575196E-13
1.022600000  16.838192857767  5.2130837807210E-14
1.022700000  16.219235248181  1.4401546566196E-13
1.022800000  15.591462696497  3.5863353203356E-13
1.022900000  14.954505350704  1.5178479334731E-13
1.023000000  14.307977377785  -1.4889556837338E-14
1.023100000  13.651475641770  1.2013638362104E-13
1.023200000  12.984578972667  -4.6078264659670E-14
1.023300000  12.306847013229  -1.8141374212313E-13
1.023400000  11.617818436791  1.5669514170003E-13
1.023500000  10.917010433378  -2.3037422840249E-13
1.023600000  10.203916504105  -2.1984803956778E-13
1.023700000  9.4780055115858  -2.5411296898539E-13
1.023800000  8.7387196977988  -1.4599136729673E-13
1.023900000  7.9854727292420  -6.1695313835834E-14
1.024000000  7.2176363207347  -1.2627622406390E-13
1.024100000  6.4345731004764  -2.4730863532867E-13
1.024200000  5.6355996147816  -3.2216362905978E-13
1.024300000  4.8199953049597  -2.3454979574511E-13
1.024400000  3.9869998759280  -2.2682087630012E-13
1.024500000  3.1358102827805  -5.5741235524157E-14
1.024600000  2.2655776600868  8.0659958744217E-16
1.024700000  1.3754040146539  -2.9477166386605E-13
1.024800000  0.46433822962075  8.2057921872855E-14
1.024900000  -0.46862799721190  1.0931155535465E-13
1.025000000  -1.4245643902227  -1.9870073704916E-13
1.025100000  -2.4046071429351  8.0611698345498E-14
1.025200000  -3.4099642448928  -7.9350819599787E-14
1.025300000  -4.4419214583787  -1.8347437504857E-13
1.025400000  -5.5018487147589  1.1080988942701E-13
1.025500000  -6.5912071966992  -2.3887615813569E-13
1.025600000  -7.7115571212466  1.5261853896409E-13
1.025700000  -8.8645667817688  -1.3209664825962E-13
1.025800000  -10.052021698172  -1.6774779158874E-13
1.025900000  -11.275835583723  -4.6837006402024E-14
1.026000000  -12.538061954086  -3.3478767894493E-13
1.026100000  -13.840907362888  -9.3466196755752E-14
1.026200000  -15.186746383625  1.7001620304248E-13
1.026300000  -16.578137136651  -6.2189465790720E-14
1.026400000  -18.017840662081  -1.3232919754528E-13
1.026500000  -19.508840688785  -8.9771855145801E-14
1.026600000  -21.054367059438  1.2065016459206E-13
1.026700000  -22.657921876307  -9.4923997252744E-14
1.026800000  -24.323308683592  9.9024533293543E-14
1.026900000  -26.054666046582  -8.7245779051420E-15
1.027000000  -27.856505194371  -2.4149138030103E-13
1.027100000  -29.733753100615  -2.5788533619448E-15
1.027200000  -31.691802094690  1.9913780089651E-14
1.027300000  -33.736565150178  1.2884859517158E-13
1.027400000  -35.874542422984  -2.4543679457055E-13
1.027500000  -38.112893780557  1.6127463174606E-13
1.027600000  -40.459526790518  -2.6572993703698E-13
1.027700000  -42.923196032664  -2.0072062201277E-13
1.027800000  -45.513620830409  -1.4065576693028E-13
1.027900000  -48.241620414924  -2.7100697423030E-13
1.028000000  -51.119276522460  7.8379880037475E-15
1.028100000  -54.160120816666  1.1905640155592E-13
1.028200000  -57.379361709582  1.0936888375568E-13
1.028300000  -60.794150789955  -3.6363904404957E-13
1.028400000  -64.423904871156  -2.0865302840800E-14
1.028500000  -68.290692264905  -6.7726984902452E-14
1.028600000  -72.419701976748  -3.3222748904125E-14
1.028700000  -76.839815837478  1.6817778033615E-13
1.028800000  -81.584310536322  -1.9495517366102E-13
1.028900000  -86.691729553189  -2.5964334103429E-13
1.029000000  -92.206963909008  1.6388719077212E-13
1.029100000  -98.182619574254  2.0786323379508E-13
1.029200000  -104.68074817060  -4.2183837325729E-14
1.029300000  -111.77506609761  -1.9858907154939E-13
1.029400000  -119.55383239350  1.3678755684751E-13
1.029500000  -128.12362142122  2.7798911905204E-14
1.029600000  -137.61433260566  5.2831800813247E-14
1.029700000  -148.18594500860  -3.1751599607615E-13
1.029800000  -160.03775734958  -2.2402328811717E-13
1.029900000  -173.42125733572  1.3363859433267E-13
1.030000000  -188.65840932075  -2.2135297419593E-13
1.030100000  -206.16819478858  8.0395041236612E-14
1.030200000  -226.50614014291  -2.6525405464269E-13
1.030300000  -250.42487167315  -1.9171849388929E-13
1.030400000  -278.97003995912  -2.2825081040108E-13
1.030500000  -313.63830978781  3.3853727253853E-14
1.030600000  -356.64991468372  1.2110317215758E-13
1.030700000  -411.44603167200  -1.3712959274945E-13
1.030800000  -483.66186029203  -1.9810147333240E-13
1.030900000  -583.20673886213  4.3919104085605E-14
1.031000000  -729.26458515325  3.8115182033991E-14
1.031100000  -964.45903527090  2.9566413066515E-13
1.031200000  -1406.3974540608  6.5118780392724E-14
1.031300000  -2542.0133971620  5.5788829713005E-14
1.031400000  -11973.227207126  6.9971073913003E-13
1.031500000  4567.5339623439  -2.2258238698034E-13
1.031600000  1944.3013857952  3.2742681329484E-14
1.031700000  1245.3833332540  1.2042069305110E-13
1.031800000  921.51580190024  -3.2540555465383E-13
1.031900000  734.63436515380  -1.7292852167109E-13
1.032000000  612.97155393521  1.3238093309828E-13
1.032100000  527.43893873128  4.1310177497147E-14
1.032200000  464.00760948973  -1.2993355263364E-13
1.032300000  415.07933609573  -1.2151608811708E-13
1.032400000  376.18070959003  7.1381306661290E-14
1.032500000  344.50653433827  7.1068711909380E-14
1.032600000  318.20850209920  -4.2279829242637E-14
1.032700000  296.01924745902  -1.3511219530067E-13
1.032800000  277.04072778862  -1.4237074526309E-13
1.032900000  260.61882867777  -1.6411218645430E-13
1.033000000  246.26580732578  2.0990917828637E-13
1.033100000  233.61056091003  -6.9554801351798E-14
1.033200000  222.36572584084  2.4347994997036E-13
1.033300000  212.30531677153  1.5114147953665E-13
1.033400000  203.24917462959  1.9481720873059E-13
1.033500000  195.05190421722  -1.8912479657976E-13
1.033600000  187.59487903155  1.4259726388649E-13
1.033700000  180.78034915109  7.9383579290267E-14
1.033800000  174.52704291339  -2.0155752714893E-13
1.033900000  168.76683502107  -2.5213662001630E-14
1.034000000  163.44218988311  -9.9738053185074E-14
1.034100000  158.50418248057  1.0318051571679E-13
1.034200000  153.91094511100  2.5835381818982E-13
1.034300000  149.62643762639  6.7687651328126E-14
1.034400000  145.61946849414  -2.4244141235191E-14
1.034500000  141.86290595439  -2.6419009352424E-13
1.034600000  138.33303674430  1.4146941623330E-13
1.034700000  135.00904558641  -2.2038927962882E-13
1.034800000  131.87258429375  -6.6049665312157E-14
1.034900000  128.90741717588  -1.5729422474464E-13
1.035000000  126.09912517590  9.9017884957575E-14
1.035100000  123.43485792445  1.0306552848751E-13
1.035200000  120.90312721191  -1.5593671025179E-13
1.035300000  118.49362979421  -1.8514562525459E-13
1.035400000  116.19709881797  3.0740774853134E-14
1.035500000  114.00517660423  -2.4031588824216E-14
1.035600000  111.91030541935  -7.9313418377343E-14
1.035700000  109.90563420180  1.9784809677113E-13
1.035800000  107.98493711222  2.6724889283645E-13
1.035900000  106.14254463788  2.3166205153853E-13
1.036000000  104.37328158689  2.8756010020447E-13
1.036100000  102.67241521970  -1.5075238005016E-13
1.036200000  101.03560798346  -8.4924490918511E-14
1.036300000  99.458877681047  -8.5142486202799E-14
1.036400000  97.938561175226  7.5802593413162E-15
1.036500000  96.471283235570  2.8978451143693E-13
1.036600000  95.053928746345  -8.9803059346926E-14
1.036700000  93.683617564760  2.3736015949134E-13
1.036800000  92.357683180709  -1.5151966152861E-13
1.036900000  91.073652980521  1.0810146574977E-13
1.037000000  89.829230636263  9.1209465911783E-15
1.037100000  88.622280883499  -1.6518834448160E-13
1.037200000  87.450815181903  2.8690196560004E-14
1.037300000  86.312979627283  -2.8964945783774E-13
1.037400000  85.207043220550  3.0979761666465E-14
1.037500000  84.131388178981  2.5525475476960E-13
1.037600000  83.084500326573  -4.1495962757564E-14
1.037700000  82.064961073798  -8.7047433725467E-14
1.037800000  81.071439781422  2.5388897292394E-13
1.037900000  80.102687023264  -1.7197554780100E-13
1.038000000  79.157528403356  1.9752628167351E-15
1.038100000  78.234858731710  2.7595614070708E-13
1.038200000  77.333637148505  2.3144894150882E-13
1.038300000  76.452882184365  -1.7002676552953E-13
1.038400000  75.591667672054  -2.2432951131643E-13
1.038500000  74.749118650396  -2.8605857300050E-14
1.038600000  73.924407958571  1.5134660967272E-13
1.038700000  73.116752723118  -1.5854064636607E-13
1.038800000  72.325411444687  7.2147350697389E-14
1.038900000  71.549681130054  7.9010253790947E-14
1.039000000  70.788894895524  1.5078447525920E-13
1.039100000  70.042419430537  -1.5043862793029E-13
1.039200000  69.309652781030  -7.4163996479879E-14
1.039300000  68.590022395674  1.0958025461646E-13
1.039400000  67.882983400867  2.5518754294736E-13
1.039500000  67.188016577313  1.2776997689013E-13
1.039600000  66.504626912453  -3.0848047098968E-14
1.039700000  65.832342093879  -1.2297019584572E-13
1.039800000  65.170711212894  -1.6666702145078E-13
1.039900000  64.519303288608  8.8443442496230E-14
1.040000000  63.877706101403  -2.3538093847792E-13
1.040100000  63.245525352213  1.1852650418482E-13
1.040200000  62.622383255156  8.0842515035089E-14
1.040300000  62.007917681699  2.5792739349726E-13
1.040400000  61.401781402459  -2.8829895796731E-13
1.040500000  60.803641021627  -1.2882023134120E-13
1.040600000  60.213176316284  2.5551003875502E-13
1.040700000  59.630079515819  -2.0286349717199E-13
1.040800000  59.054054419380  -2.4459260790363E-14
1.040900000  58.484815951153  2.0560498637832E-13
1.041000000  57.922089414451  -1.0586664299272E-13
1.041100000  57.365609988104  1.5541915408409E-13
1.041200000  56.815122169267  6.3287592418753E-14
1.041300000  56.270379140665  -7.7689701265996E-14
1.041400000  55.731142427280  -8.8838852251203E-14
1.041500000  55.197181437307  2.9007303083104E-13
1.041600000  54.668272919114  -2.0500053901967E-13
1.041700000  54.144200654495  -1.3709722674120E-13
1.041800000  53.624755084871  1.4614936189467E-13
1.041900000  53.109732806318  1.6800480587219E-13
1.042000000  52.598936346407  -3.5365717458750E-13
1.042100000  52.092173857289  -9.3839213492439E-14
1.042200000  51.589258664415  7.3540470456551E-14
1.042300000  51.090009112935  -2.1007159448141E-13
1.042400000  50.594248229304  2.1425420452106E-13
1.042500000  50.101803392098  -3.5043177290128E-14
1.042600000  49.612506148808  -2.7701404601718E-13
1.042700000  49.126187558163  -2.3812512485081E-14
1.042800000  48.642689937337  -2.9528612153005E-14
1.042900000  48.161856754974  9.2876668065334E-14
1.043000000  47.683533741269  -1.4414920087104E-13
1.043100000  47.207569678950  -5.3469287452791E-14
1.043200000  46.733816141680  3.3304615356847E-15
1.043300000  46.262127340968  -8.3950680726165E-14
1.043400000  45.792359896471  -1.5816424142179E-13
1.043500000  45.324372639975  2.5208874429641E-13
1.043600000  44.858026547349  7.8336894459076E-14
1.043700000  44.393184460780  2.5572898438041E-13
1.043800000  43.929710915340  -2.7185142962597E-13
1.043900000  43.467472083767  6.7331186716788E-14
1.044000000  43.006335500359  2.8916304845067E-13
1.044100000  42.546169989775  -6.2221316464084E-14
1.044200000  42.086845526682  -3.5932908460508E-14
1.044300000  41.628232962029  3.0084823625628E-13
1.044400000  41.170204013561  -2.9356802517665E-13
1.044500000  40.712631068401  -2.5355431000377E-13
1.044600000  40.255387025914  -9.6863035688710E-14
1.044700000  39.798345174788  -6.8281792250574E-14
1.044800000  39.341379076336  -2.5698547132608E-14
1.044900000  38.884362359791  -2.5861149674336E-13
1.045000000  38.427168662098  2.0308576863943E-14
1.045100000  37.969671395695  -5.5554947221158E-14
1.045200000  37.511743741308  -2.0357600082205E-14
1.045300000  37.053258340372  4.7433066831092E-14
1.045400000  36.594087318828  7.1568478355098E-14
1.045500000  36.134101987183  -1.0033635136903E-13
1.045600000  35.673172851572  2.5770762532057E-13
1.045700000  35.211169320101  -1.5597560064939E-13
1.045800000  34.747959660704  -1.4542557289150E-13
1.045900000  34.283410819072  -2.0261778595461E-13
1.046000000  33.817388228462  8.6877541673993E-14
1.046100000  33.349755711016  -1.8716826014905E-13
1.046200000  32.880375246351  8.7292393411222E-14
1.046300000  32.409106861121  -9.5952065749792E-14
1.046400000  31.935808433612  -3.0714248391675E-13
1.046500000  31.460335490882  1.9321946466912E-13
1.046600000  30.982541111234  9.3791833055426E-15
1.046700000  30.502275647253  2.2257888309821E-13
1.046800000  30.019386538805  -1.2489730506173E-13
1.046900000  29.533718159194  -2.2615562551632E-13
1.047000000  29.045111575508  -1.2948799276502E-13
1.047100000  28.553404300929  2.5681280136986E-13
1.047200000  28.058430136010  -1.0718453148420E-13
1.047300000  27.560018833291  -5.4221388485769E-14
1.047400000  27.057995929974  6.0122922991664E-14
1.047500000  26.552182452285  -4.8589933627011E-14
1.047600000  26.042394651861  -3.1644021374718E-14
1.047700000  25.528443715995  2.3584747223749E-13
1.047800000  25.010135407779  6.5856208904399E-14
1.047900000  24.487269873998  2.1960615693162E-13
1.048000000  23.959641145130  1.5329870691232E-13
1.048100000  23.427036995983  1.8278449908887E-14
1.048200000  22.889238327011  2.8594832180822E-13
1.048300000  22.346019008965  -3.1236909142549E-13
1.048400000  21.797145277663  -2.4777023562350E-14
1.048500000  21.242375413159  -1.8414762910853E-13
1.048600000  20.681459231313  -1.7462597663544E-14
1.048700000  20.114137591813  1.4279761168790E-13
1.048800000  19.540141846703  1.7575720079535E-13
1.048900000  18.959193431697  -1.3027078261497E-13
1.049000000  18.371003043581  -1.8124280240624E-13
1.049100000  17.775270263912  -7.4189902469373E-14
1.049200000  17.171682617708  1.3320076645423E-13
1.049300000  16.559915164335  3.1904340786669E-13
1.049400000  15.939629466861  1.9912795764822E-13
1.049500000  15.310472981206  3.5883809145222E-15
1.049600000  14.672078074169  1.2411063642163E-13
1.049700000  14.024061189003  -3.0173974500535E-14
1.049800000  13.366021731106  7.7670069234547E-14
1.049900000  12.697541243216  2.6663690027304E-13
1.050000000  12.018181888825  2.3273531623366E-14
