   2.7500000e+00   0.0000000e+00   3.3432287e+04
   3.0000000e+00   0.0000000e+00   2.2056576e+04
   3.0500000e+00   0.0000000e+00   2.0293039e+04
   3.1000000e+00   0.0000000e+00   1.8626854e+04
   3.1500000e+00   0.0000000e+00   1.7041667e+04
   3.2000000e+00   0.0000000e+00   1.5526436e+04
   3.2500000e+00   0.0000000e+00   1.4076696e+04
   3.3000000e+00   0.0000000e+00   1.2689144e+04
   3.3500000e+00   0.0000000e+00   1.1364999e+04
   3.4000000e+00   0.0000000e+00   1.0105494e+04
   3.4500000e+00   0.0000000e+00   8.9125609e+03
   3.5000000e+00   0.0000000e+00   7.7897963e+03
   3.5500000e+00   0.0000000e+00   6.7377550e+03
   3.6000000e+00   0.0000000e+00   5.7579849e+03
   3.6500000e+00   0.0000000e+00   4.8506869e+03
   3.7000000e+00   0.0000000e+00   4.0152592e+03
   3.7500000e+00   0.0000000e+00   3.2504068e+03
   3.8000000e+00   0.0000000e+00   2.5541400e+03
   3.8500000e+00   0.0000000e+00   1.9230423e+03
   3.9000000e+00   0.0000000e+00   1.3554649e+03
   3.9500000e+00   0.0000000e+00   8.4734798e+02
   4.0000000e+00   0.0000000e+00   3.9550693e+02
   4.0500000e+00   0.0000000e+00  -3.5896124e+00
   4.1000000e+00   0.0000000e+00  -3.5324761e+02
   4.1500000e+00   0.0000000e+00  -6.5717409e+02
   4.2000000e+00   0.0000000e+00  -9.1852422e+02
   4.2500000e+00   0.0000000e+00  -1.1408458e+03
   4.3000000e+00   0.0000000e+00  -1.3273600e+03
   4.3500000e+00   0.0000000e+00  -1.4809689e+03
   4.4000000e+00   0.0000000e+00  -1.6046179e+03
   4.4500000e+00   0.0000000e+00  -1.7011931e+03
   4.5000000e+00   0.0000000e+00  -1.7734428e+03
   4.5500000e+00   0.0000000e+00  -1.8237525e+03
   4.6000000e+00   0.0000000e+00  -1.8550096e+03
   4.6500000e+00   0.0000000e+00  -1.8686971e+03
   4.7000000e+00   0.0000000e+00  -1.8678644e+03
   4.7500000e+00   0.0000000e+00  -1.8544593e+03
   4.8000000e+00   0.0000000e+00  -1.8307149e+03
   4.8500000e+00   0.0000000e+00  -1.7989593e+03
   4.9000000e+00   0.0000000e+00  -1.7620072e+03
   4.9500000e+00   0.0000000e+00  -1.7232104e+03
   5.0000000e+00   0.0000000e+00  -1.6833450e+03
   5.0500000e+00   0.0000000e+00  -1.6424683e+03
   5.1000000e+00   0.0000000e+00  -1.6006375e+03
   5.1500000e+00   0.0000000e+00  -1.5579098e+03
   5.2000000e+00   0.0000000e+00  -1.5143424e+03
   5.2500000e+00   0.0000000e+00  -1.4699925e+03
   5.3000000e+00   0.0000000e+00  -1.4249173e+03
   5.3500000e+00   0.0000000e+00  -1.3791740e+03
   5.4000000e+00   0.0000000e+00  -1.3328199e+03
   5.4500000e+00   0.0000000e+00  -1.2859122e+03
   5.5000000e+00   0.0000000e+00  -1.2385080e+03
   5.5500000e+00   0.0000000e+00  -1.1906645e+03
   5.6000000e+00   0.0000000e+00  -1.1424391e+03
   5.6500000e+00   0.0000000e+00  -1.0938889e+03
   5.7000000e+00   0.0000000e+00  -1.0450710e+03
   5.7500000e+00   0.0000000e+00  -9.9650051e+02
   5.8000000e+00   0.0000000e+00  -9.4993771e+02
   5.8500000e+00   0.0000000e+00  -9.0538075e+02
   5.9000000e+00   0.0000000e+00  -8.6280649e+02
   5.9500000e+00   0.0000000e+00  -8.2238931e+02
   6.0000000e+00   0.0000000e+00  -7.8366691e+02
   6.1000000e+00   0.0000000e+00  -7.1169161e+02
   6.2000000e+00   0.0000000e+00  -6.4657124e+02
   6.3000000e+00   0.0000000e+00  -5.8774545e+02
   6.4000000e+00   0.0000000e+00  -5.3464385e+02
   6.5000000e+00   0.0000000e+00  -4.8671667e+02
   6.6000000e+00   0.0000000e+00  -4.4344670e+02
   6.7000000e+00   0.0000000e+00  -4.0435739e+02
   6.8000000e+00   0.0000000e+00  -3.6901647e+02
   6.9000000e+00   0.0000000e+00  -3.3703397e+02
   7.0000000e+00   0.0000000e+00  -3.0803452e+02
   7.1000000e+00   0.0000000e+00  -2.8176193e+02
   7.2000000e+00   0.0000000e+00  -2.5791224e+02
   7.3000000e+00   0.0000000e+00  -2.3624020e+02
   7.4000000e+00   0.0000000e+00  -2.1652691e+02
   7.5000000e+00   0.0000000e+00  -1.9857876e+02
   7.6000000e+00   0.0000000e+00  -1.8222260e+02
   7.7000000e+00   0.0000000e+00  -1.6713033e+02
   7.8000000e+00   0.0000000e+00  -1.5351531e+02
   7.9000000e+00   0.0000000e+00  -1.4108554e+02
   8.0000000e+00   0.0000000e+00  -1.2972401e+02
   8.1000000e+00   0.0000000e+00  -1.1933713e+02
   8.2000000e+00   0.0000000e+00  -1.0983717e+02
   8.3000000e+00   0.0000000e+00  -1.0114492e+02
   8.4000000e+00   0.0000000e+00  -9.3187980e+01
   8.5000000e+00   0.0000000e+00  -8.5903655e+01
   8.6000000e+00   0.0000000e+00  -7.9232368e+01
   8.7000000e+00   0.0000000e+00  -7.3120369e+01
   8.8000000e+00   0.0000000e+00  -6.7547069e+01
   8.9000000e+00   0.0000000e+00  -6.2411505e+01
   9.0000000e+00   0.0000000e+00  -5.7674464e+01
   9.1000000e+00   0.0000000e+00  -5.3354186e+01
   9.2000000e+00   0.0000000e+00  -4.9389018e+01
   9.3000000e+00   0.0000000e+00  -4.5748361e+01
   9.4000000e+00   0.0000000e+00  -4.2403636e+01
   9.5000000e+00   0.0000000e+00  -3.9330151e+01
   2.7500000e+00   1.0000000e+01   3.0019452e+04
   3.0000000e+00   1.0000000e+01   1.7548539e+04
   3.0500000e+00   1.0000000e+01   1.6012461e+04
   3.1000000e+00   1.0000000e+01   1.4703310e+04
   3.1500000e+00   1.0000000e+01   1.3581467e+04
   3.2000000e+00   1.0000000e+01   1.2607316e+04
   3.2500000e+00   1.0000000e+01   1.1741239e+04
   3.3000000e+00   1.0000000e+01   1.0943617e+04
   3.3500000e+00   1.0000000e+01   1.0174834e+04
   3.4000000e+00   1.0000000e+01   9.3952708e+03
   3.4500000e+00   1.0000000e+01   8.5653105e+03
   3.5000000e+00   1.0000000e+01   7.6453352e+03
   3.5500000e+00   1.0000000e+01   6.5880949e+03
   3.6000000e+00   1.0000000e+01   5.4703041e+03
   3.6500000e+00   1.0000000e+01   4.6943191e+03
   3.7000000e+00   1.0000000e+01   3.8857093e+03
   3.7500000e+00   1.0000000e+01   3.1367855e+03
   3.8000000e+00   1.0000000e+01   2.4525568e+03
   3.8500000e+00   1.0000000e+01   1.8326001e+03
   3.9000000e+00   1.0000000e+01   1.2745681e+03
   3.9500000e+00   1.0000000e+01   7.7546457e+02
   4.0000000e+00   1.0000000e+01   3.3221569e+02
   4.0500000e+00   1.0000000e+01  -5.8981667e+01
   4.1000000e+00   1.0000000e+01  -4.0166294e+02
   4.1500000e+00   1.0000000e+01  -6.9879148e+02
   4.2000000e+00   1.0000000e+01  -9.5395545e+02
   4.2500000e+00   1.0000000e+01  -1.1705589e+03
   4.3000000e+00   1.0000000e+01  -1.3517941e+03
   4.3500000e+00   1.0000000e+01  -1.5006086e+03
   4.4000000e+00   1.0000000e+01  -1.6199795e+03
   4.4500000e+00   1.0000000e+01  -1.7126657e+03
   4.5000000e+00   1.0000000e+01  -1.7813964e+03
   4.5500000e+00   1.0000000e+01  -1.8287390e+03
   4.6000000e+00   1.0000000e+01  -1.8572513e+03
   4.6500000e+00   1.0000000e+01  -1.8689351e+03
   4.7000000e+00   1.0000000e+01  -1.8662825e+03
   4.7500000e+00   1.0000000e+01  -1.8515755e+03
   4.8000000e+00   1.0000000e+01  -1.8269040e+03
   4.8500000e+00   1.0000000e+01  -1.7947167e+03
   4.9000000e+00   1.0000000e+01  -1.7612384e+03
   4.9500000e+00   1.0000000e+01  -1.7277009e+03
   5.0000000e+00   1.0000000e+01  -1.6937345e+03
   5.0500000e+00   1.0000000e+01  -1.6589693e+03
   5.1000000e+00   1.0000000e+01  -1.6230356e+03
   5.1500000e+00   1.0000000e+01  -1.5855635e+03
   5.2000000e+00   1.0000000e+01  -1.5461834e+03
   5.2500000e+00   1.0000000e+01  -1.5045253e+03
   5.3000000e+00   1.0000000e+01  -1.4602195e+03
   5.3500000e+00   1.0000000e+01  -1.4128962e+03
   5.4000000e+00   1.0000000e+01  -1.3621857e+03
   5.4500000e+00   1.0000000e+01  -1.3077181e+03
   5.5000000e+00   1.0000000e+01  -1.2503896e+03
   5.5500000e+00   1.0000000e+01  -1.1946536e+03
   5.6000000e+00   1.0000000e+01  -1.1406282e+03
   5.6500000e+00   1.0000000e+01  -1.0885042e+03
   5.7000000e+00   1.0000000e+01  -1.0383593e+03
   5.7500000e+00   1.0000000e+01  -9.9011222e+02
   5.8000000e+00   1.0000000e+01  -9.4389132e+02
   5.8500000e+00   1.0000000e+01  -8.9966021e+02
   5.9000000e+00   1.0000000e+01  -8.5739758e+02
   5.9500000e+00   1.0000000e+01  -8.1706470e+02
   6.0000000e+00   1.0000000e+01  -7.7861504e+02
   6.1000000e+00   1.0000000e+01  -7.0735336e+02
   6.2000000e+00   1.0000000e+01  -6.4266730e+02
   6.3000000e+00   1.0000000e+01  -5.8421636e+02
   6.4000000e+00   1.0000000e+01  -5.3143965e+02
   6.5000000e+00   1.0000000e+01  -4.8379332e+02
   6.6000000e+00   1.0000000e+01  -4.4076805e+02
   6.7000000e+00   1.0000000e+01  -4.0189396e+02
   6.8000000e+00   1.0000000e+01  -3.6674418e+02
   6.9000000e+00   1.0000000e+01  -3.3493361e+02
   7.0000000e+00   1.0000000e+01  -3.0609010e+02
   7.1000000e+00   1.0000000e+01  -2.7996081e+02
   7.2000000e+00   1.0000000e+01  -2.5624352e+02
   7.3000000e+00   1.0000000e+01  -2.3469461e+02
   7.4000000e+00   1.0000000e+01  -2.1509604e+02
   7.5000000e+00   1.0000000e+01  -1.9725506e+02
   7.6000000e+00   1.0000000e+01  -1.8099964e+02
   7.7000000e+00   1.0000000e+01  -1.6617728e+02
   7.8000000e+00   1.0000000e+01  -1.5247360e+02
   7.9000000e+00   1.0000000e+01  -1.4012571e+02
   8.0000000e+00   1.0000000e+01  -1.2884100e+02
   8.1000000e+00   1.0000000e+01  -1.1852508e+02
   8.2000000e+00   1.0000000e+01  -1.0909083e+02
   8.3000000e+00   1.0000000e+01  -1.0045849e+02
   8.4000000e+00   1.0000000e+01  -9.2559016e+01
   8.5000000e+00   1.0000000e+01  -8.5326522e+01
   8.6000000e+00   1.0000000e+01  -7.8702645e+01
   8.7000000e+00   1.0000000e+01  -7.2663055e+01
   8.8000000e+00   1.0000000e+01  -6.7100928e+01
   8.9000000e+00   1.0000000e+01  -6.1974214e+01
   9.0000000e+00   1.0000000e+01  -5.7298393e+01
   9.1000000e+00   1.0000000e+01  -5.3008711e+01
   9.2000000e+00   1.0000000e+01  -4.9071420e+01
   9.3000000e+00   1.0000000e+01  -4.5456300e+01
   9.4000000e+00   1.0000000e+01  -4.2135311e+01
   9.5000000e+00   1.0000000e+01  -3.9087953e+01
   2.7500000e+00   2.0000000e+01   2.8820199e+04
   3.0000000e+00   2.0000000e+01   1.5957060e+04
   3.0500000e+00   2.0000000e+01   1.4307229e+04
   3.1000000e+00   2.0000000e+01   1.2894053e+04
   3.1500000e+00   2.0000000e+01   1.1687128e+04
   3.2000000e+00   2.0000000e+01   1.0656049e+04
   3.2500000e+00   2.0000000e+01   9.7704130e+03
   3.3000000e+00   2.0000000e+01   8.9998145e+03
   3.3500000e+00   2.0000000e+01   8.3138496e+03
   3.4000000e+00   2.0000000e+01   7.6821137e+03
   3.4500000e+00   2.0000000e+01   7.0742027e+03
   3.5000000e+00   2.0000000e+01   6.4597119e+03
   3.5500000e+00   2.0000000e+01   5.8082372e+03
   3.6000000e+00   2.0000000e+01   5.0893742e+03
   3.6500000e+00   2.0000000e+01   4.3007991e+03
   3.7000000e+00   2.0000000e+01   3.5321702e+03
   3.7500000e+00   2.0000000e+01   2.8181946e+03
   3.8000000e+00   2.0000000e+01   2.1660845e+03
   3.8500000e+00   2.0000000e+01   1.5771245e+03
   3.9000000e+00   2.0000000e+01   1.0456770e+03
   3.9500000e+00   2.0000000e+01   5.7281669e+02
   4.0000000e+00   2.0000000e+01   1.5348439e+02
   4.0500000e+00   2.0000000e+01  -2.1506396e+02
   4.1000000e+00   2.0000000e+01  -5.3553236e+02
   4.1500000e+00   2.0000000e+01  -8.1394528e+02
   4.2000000e+00   2.0000000e+01  -1.0511582e+03
   4.2500000e+00   2.0000000e+01  -1.2512111e+03
   4.3000000e+00   2.0000000e+01  -1.4176298e+03
   4.3500000e+00   2.0000000e+01  -1.5527019e+03
   4.4000000e+00   2.0000000e+01  -1.6597215e+03
   4.4500000e+00   2.0000000e+01  -1.7414428e+03
   4.5000000e+00   2.0000000e+01  -1.8004979e+03
   4.5500000e+00   2.0000000e+01  -1.8393552e+03
   4.6000000e+00   2.0000000e+01  -1.8604522e+03
   4.6500000e+00   2.0000000e+01  -1.8660975e+03
   4.7000000e+00   2.0000000e+01  -1.8587735e+03
   4.7500000e+00   2.0000000e+01  -1.8621224e+03
   4.8000000e+00   2.0000000e+01  -1.8741743e+03
   4.8500000e+00   2.0000000e+01  -1.8845811e+03
   4.9000000e+00   2.0000000e+01  -1.8829946e+03
   4.9500000e+00   2.0000000e+01  -1.8590670e+03
   5.0000000e+00   2.0000000e+01  -1.8098690e+03
   5.0500000e+00   2.0000000e+01  -1.7554781e+03
   5.1000000e+00   2.0000000e+01  -1.6981964e+03
   5.1500000e+00   2.0000000e+01  -1.6390838e+03
   5.2000000e+00   2.0000000e+01  -1.5788731e+03
   5.2500000e+00   2.0000000e+01  -1.5183583e+03
   5.3000000e+00   2.0000000e+01  -1.4580547e+03
   5.3500000e+00   2.0000000e+01  -1.3981513e+03
   5.4000000e+00   2.0000000e+01  -1.3392123e+03
   5.4500000e+00   2.0000000e+01  -1.2815256e+03
   5.5000000e+00   2.0000000e+01  -1.2252808e+03
   5.5500000e+00   2.0000000e+01  -1.1706594e+03
   5.6000000e+00   2.0000000e+01  -1.1177907e+03
   5.6500000e+00   2.0000000e+01  -1.0667718e+03
   5.7000000e+00   2.0000000e+01  -1.0176644e+03
   5.7500000e+00   2.0000000e+01  -9.7050237e+02
   5.8000000e+00   2.0000000e+01  -9.2529592e+02
   5.8500000e+00   2.0000000e+01  -8.8203534e+02
   5.9000000e+00   2.0000000e+01  -8.4069536e+02
   5.9500000e+00   2.0000000e+01  -8.0122359e+02
   6.0000000e+00   2.0000000e+01  -7.6360138e+02
   6.1000000e+00   2.0000000e+01  -6.9363181e+02
   6.2000000e+00   2.0000000e+01  -6.3027062e+02
   6.3000000e+00   2.0000000e+01  -5.7318591e+02
   6.4000000e+00   2.0000000e+01  -5.2141689e+02
   6.5000000e+00   2.0000000e+01  -4.7465071e+02
   6.6000000e+00   2.0000000e+01  -4.3239793e+02
   6.7000000e+00   2.0000000e+01  -3.9420669e+02
   6.8000000e+00   2.0000000e+01  -3.5966587e+02
   6.9000000e+00   2.0000000e+01  -3.2840284e+02
   7.0000000e+00   2.0000000e+01  -3.0005540e+02
   7.1000000e+00   2.0000000e+01  -2.7437963e+02
   7.2000000e+00   2.0000000e+01  -2.5108018e+02
   7.3000000e+00   2.0000000e+01  -2.2991714e+02
   7.4000000e+00   2.0000000e+01  -2.1067746e+02
   7.5000000e+00   2.0000000e+01  -1.9317023e+02
   7.6000000e+00   2.0000000e+01  -1.7704799e+02
   7.7000000e+00   2.0000000e+01  -1.6251535e+02
   7.8000000e+00   2.0000000e+01  -1.4925893e+02
   7.9000000e+00   2.0000000e+01  -1.3716353e+02
   8.0000000e+00   2.0000000e+01  -1.2611322e+02
   8.1000000e+00   2.0000000e+01  -1.1601465e+02
   8.2000000e+00   2.0000000e+01  -1.0678235e+02
   8.3000000e+00   2.0000000e+01  -9.8337546e+01
   8.4000000e+00   2.0000000e+01  -9.0611043e+01
   8.5000000e+00   2.0000000e+01  -8.3538210e+01
   8.6000000e+00   2.0000000e+01  -7.7061423e+01
   8.7000000e+00   2.0000000e+01  -7.1156711e+01
   8.8000000e+00   2.0000000e+01  -6.5690904e+01
   8.9000000e+00   2.0000000e+01  -6.0706556e+01
   9.0000000e+00   2.0000000e+01  -5.6135205e+01
   9.1000000e+00   2.0000000e+01  -5.1941176e+01
   9.2000000e+00   2.0000000e+01  -4.8091666e+01
   9.3000000e+00   2.0000000e+01  -4.4556722e+01
   9.4000000e+00   2.0000000e+01  -4.1308811e+01
   9.5000000e+00   2.0000000e+01  -3.8328795e+01
   2.7500000e+00   3.0000000e+01   3.0177164e+04
   3.0000000e+00   3.0000000e+01   2.0291939e+04
   3.0500000e+00   3.0000000e+01   1.8738889e+04
   3.1000000e+00   3.0000000e+01   1.7181559e+04
   3.1500000e+00   3.0000000e+01   1.5597349e+04
   3.2000000e+00   3.0000000e+01   1.4085359e+04
   3.2500000e+00   3.0000000e+01   1.2646234e+04
   3.3000000e+00   3.0000000e+01   1.1282087e+04
   3.3500000e+00   3.0000000e+01   9.9788945e+03
   3.4000000e+00   3.0000000e+01   8.7380979e+03
   3.4500000e+00   3.0000000e+01   7.5671313e+03
   3.5000000e+00   3.0000000e+01   6.4734288e+03
   3.5500000e+00   3.0000000e+01   5.4644245e+03
   3.6000000e+00   3.0000000e+01   4.5475523e+03
   3.6500000e+00   3.0000000e+01   3.7302463e+03
   3.7000000e+00   3.0000000e+01   3.0078902e+03
   3.7500000e+00   3.0000000e+01   2.3424266e+03
   3.8000000e+00   3.0000000e+01   1.7376986e+03
   3.8500000e+00   3.0000000e+01   1.1928855e+03
   3.9000000e+00   3.0000000e+01   7.0555138e+02
   3.9500000e+00   3.0000000e+01   2.7306712e+02
   4.0000000e+00   3.0000000e+01  -1.0783892e+02
   4.0500000e+00   3.0000000e+01  -4.4103717e+02
   4.1000000e+00   3.0000000e+01  -7.2947203e+02
   4.1500000e+00   3.0000000e+01  -9.7687910e+02
   4.2000000e+00   3.0000000e+01  -1.1866702e+03
   4.2500000e+00   3.0000000e+01  -1.3613870e+03
   4.3000000e+00   3.0000000e+01  -1.5044990e+03
   4.3500000e+00   3.0000000e+01  -1.6188956e+03
   4.4000000e+00   3.0000000e+01  -1.7074414e+03
   4.4500000e+00   3.0000000e+01  -1.7728897e+03
   4.5000000e+00   3.0000000e+01  -1.8176197e+03
   4.5500000e+00   3.0000000e+01  -1.8438722e+03
   4.6000000e+00   3.0000000e+01  -1.8748217e+03
   4.6500000e+00   3.0000000e+01  -1.9093224e+03
   4.7000000e+00   3.0000000e+01  -1.9382074e+03
   4.7500000e+00   3.0000000e+01  -1.9523102e+03
   4.8000000e+00   3.0000000e+01  -1.9424639e+03
   4.8500000e+00   3.0000000e+01  -1.9060980e+03
   4.9000000e+00   3.0000000e+01  -1.8614433e+03
   4.9500000e+00   3.0000000e+01  -1.8119460e+03
   5.0000000e+00   3.0000000e+01  -1.7588685e+03
   5.0500000e+00   3.0000000e+01  -1.7029691e+03
   5.1000000e+00   3.0000000e+01  -1.6452256e+03
   5.1500000e+00   3.0000000e+01  -1.5864503e+03
   5.2000000e+00   3.0000000e+01  -1.5272038e+03
   5.2500000e+00   3.0000000e+01  -1.4678050e+03
   5.3000000e+00   3.0000000e+01  -1.4086708e+03
   5.3500000e+00   3.0000000e+01  -1.3504472e+03
   5.4000000e+00   3.0000000e+01  -1.2932146e+03
   5.4500000e+00   3.0000000e+01  -1.2373140e+03
   5.5000000e+00   3.0000000e+01  -1.1829065e+03
   5.5500000e+00   3.0000000e+01  -1.1301401e+03
   5.6000000e+00   3.0000000e+01  -1.0791232e+03
   5.6500000e+00   3.0000000e+01  -1.0299247e+03
   5.7000000e+00   3.0000000e+01  -9.8260175e+02
   5.7500000e+00   3.0000000e+01  -9.3716953e+02
   5.8000000e+00   3.0000000e+01  -8.9362939e+02
   5.8500000e+00   3.0000000e+01  -8.5196441e+02
   5.9000000e+00   3.0000000e+01  -8.1214684e+02
   5.9500000e+00   3.0000000e+01  -7.7413520e+02
   6.0000000e+00   3.0000000e+01  -7.3788088e+02
   6.1000000e+00   3.0000000e+01  -6.7042013e+02
   6.2000000e+00   3.0000000e+01  -6.0928136e+02
   6.3000000e+00   3.0000000e+01  -5.5393960e+02
   6.4000000e+00   3.0000000e+01  -5.0409711e+02
   6.5000000e+00   3.0000000e+01  -4.5885659e+02
   6.6000000e+00   3.0000000e+01  -4.1795566e+02
   6.7000000e+00   3.0000000e+01  -3.8096834e+02
   6.8000000e+00   3.0000000e+01  -3.4750498e+02
   6.9000000e+00   3.0000000e+01  -3.1718544e+02
   7.0000000e+00   3.0000000e+01  -2.8974611e+02
   7.1000000e+00   3.0000000e+01  -2.6487285e+02
   7.2000000e+00   3.0000000e+01  -2.4230882e+02
   7.3000000e+00   3.0000000e+01  -2.2164360e+02
   7.4000000e+00   3.0000000e+01  -2.0302807e+02
   7.5000000e+00   3.0000000e+01  -1.8609781e+02
   7.6000000e+00   3.0000000e+01  -1.7068799e+02
   7.7000000e+00   3.0000000e+01  -1.5665081e+02
   7.8000000e+00   3.0000000e+01  -1.4385470e+02
   7.9000000e+00   3.0000000e+01  -1.3218610e+02
   8.0000000e+00   3.0000000e+01  -1.2153155e+02
   8.1000000e+00   3.0000000e+01  -1.1180006e+02
   8.2000000e+00   3.0000000e+01  -1.0290652e+02
   8.3000000e+00   3.0000000e+01  -9.4775267e+01
   8.4000000e+00   3.0000000e+01  -8.7338167e+01
   8.5000000e+00   3.0000000e+01  -8.0532643e+01
   8.6000000e+00   3.0000000e+01  -7.4330266e+01
   8.7000000e+00   3.0000000e+01  -6.8595423e+01
   8.8000000e+00   3.0000000e+01  -6.3366525e+01
   8.9000000e+00   3.0000000e+01  -5.8573328e+01
   9.0000000e+00   3.0000000e+01  -5.4177880e+01
   9.1000000e+00   3.0000000e+01  -5.0144545e+01
   9.2000000e+00   3.0000000e+01  -4.6442751e+01
   9.3000000e+00   3.0000000e+01  -4.3042890e+01
   9.4000000e+00   3.0000000e+01  -3.9924424e+01
   9.5000000e+00   3.0000000e+01  -3.7052370e+01
   2.7500000e+00   4.0000000e+01   2.9110422e+04
   3.0000000e+00   4.0000000e+01   1.9354390e+04
   3.0500000e+00   4.0000000e+01   1.7652772e+04
   3.1000000e+00   4.0000000e+01   1.6012306e+04
   3.1500000e+00   4.0000000e+01   1.4449852e+04
   3.2000000e+00   4.0000000e+01   1.2970059e+04
   3.2500000e+00   4.0000000e+01   1.1580701e+04
   3.3000000e+00   4.0000000e+01   1.0287199e+04
   3.3500000e+00   4.0000000e+01   9.0387629e+03
   3.4000000e+00   4.0000000e+01   7.8338608e+03
   3.4500000e+00   4.0000000e+01   6.6881335e+03
   3.5000000e+00   4.0000000e+01   5.6172214e+03
   3.5500000e+00   4.0000000e+01   4.6367652e+03
   3.6000000e+00   4.0000000e+01   3.7624052e+03
   3.6500000e+00   4.0000000e+01   3.0097821e+03
   3.7000000e+00   4.0000000e+01   2.3695167e+03
   3.7500000e+00   4.0000000e+01   1.7665900e+03
   3.8000000e+00   4.0000000e+01   1.2230093e+03
   3.8500000e+00   4.0000000e+01   7.3654625e+02
   3.9000000e+00   4.0000000e+01   3.0458051e+02
   3.9500000e+00   4.0000000e+01  -7.6160272e+01
   4.0000000e+00   4.0000000e+01  -4.0892653e+02
   4.0500000e+00   4.0000000e+01  -6.9702381e+02
   4.1000000e+00   4.0000000e+01  -9.4427640e+02
   4.1500000e+00   4.0000000e+01  -1.1532958e+03
   4.2000000e+00   4.0000000e+01  -1.3287097e+03
   4.2500000e+00   4.0000000e+01  -1.4721600e+03
   4.3000000e+00   4.0000000e+01  -1.5872200e+03
   4.3500000e+00   4.0000000e+01  -1.6900277e+03
   4.4000000e+00   4.0000000e+01  -1.7819964e+03
   4.4500000e+00   4.0000000e+01  -1.8597476e+03
   4.5000000e+00   4.0000000e+01  -1.9199029e+03
   4.5500000e+00   4.0000000e+01  -1.9590836e+03
   4.6000000e+00   4.0000000e+01  -1.9739112e+03
   4.6500000e+00   4.0000000e+01  -1.9645470e+03
   4.7000000e+00   4.0000000e+01  -1.9426293e+03
   4.7500000e+00   4.0000000e+01  -1.9125489e+03
   4.8000000e+00   4.0000000e+01  -1.8755985e+03
   4.8500000e+00   4.0000000e+01  -1.8326585e+03
   4.9000000e+00   4.0000000e+01  -1.7854493e+03
   4.9500000e+00   4.0000000e+01  -1.7346120e+03
   5.0000000e+00   4.0000000e+01  -1.6811298e+03
   5.0500000e+00   4.0000000e+01  -1.6255777e+03
   5.1000000e+00   4.0000000e+01  -1.5687590e+03
   5.1500000e+00   4.0000000e+01  -1.5111141e+03
   5.2000000e+00   4.0000000e+01  -1.4534162e+03
   5.2500000e+00   4.0000000e+01  -1.3959792e+03
   5.3000000e+00   4.0000000e+01  -1.3392064e+03
   5.3500000e+00   4.0000000e+01  -1.2832891e+03
   5.4000000e+00   4.0000000e+01  -1.2285862e+03
   5.4500000e+00   4.0000000e+01  -1.1752571e+03
   5.5000000e+00   4.0000000e+01  -1.1234545e+03
   5.5500000e+00   4.0000000e+01  -1.0732927e+03
   5.6000000e+00   4.0000000e+01  -1.0248526e+03
   5.6500000e+00   4.0000000e+01  -9.7818684e+02
   5.7000000e+00   4.0000000e+01  -9.3332335e+02
   5.7500000e+00   4.0000000e+01  -8.9026569e+02
   5.8000000e+00   4.0000000e+01  -8.4901477e+02
   5.8500000e+00   4.0000000e+01  -8.0954357e+02
   5.9000000e+00   4.0000000e+01  -7.7181840e+02
   5.9500000e+00   4.0000000e+01  -7.3579741e+02
   6.0000000e+00   4.0000000e+01  -7.0143200e+02
   6.1000000e+00   4.0000000e+01  -6.3745074e+02
   6.2000000e+00   4.0000000e+01  -5.7941485e+02
   6.3000000e+00   4.0000000e+01  -5.2685012e+02
   6.4000000e+00   4.0000000e+01  -4.7925448e+02
   6.5000000e+00   4.0000000e+01  -4.3619820e+02
   6.6000000e+00   4.0000000e+01  -3.9724673e+02
   6.7000000e+00   4.0000000e+01  -3.6200680e+02
   6.8000000e+00   4.0000000e+01  -3.3011493e+02
   6.9000000e+00   4.0000000e+01  -3.0121453e+02
   7.0000000e+00   4.0000000e+01  -2.7507859e+02
   7.1000000e+00   4.0000000e+01  -2.5135991e+02
   7.2000000e+00   4.0000000e+01  -2.2986490e+02
   7.3000000e+00   4.0000000e+01  -2.1035729e+02
   7.4000000e+00   4.0000000e+01  -1.9264015e+02
   7.5000000e+00   4.0000000e+01  -1.7653648e+02
   7.6000000e+00   4.0000000e+01  -1.6188776e+02
   7.7000000e+00   4.0000000e+01  -1.4855243e+02
   7.8000000e+00   4.0000000e+01  -1.3640747e+02
   7.9000000e+00   4.0000000e+01  -1.2533237e+02
   8.0000000e+00   4.0000000e+01  -1.1522800e+02
   8.1000000e+00   4.0000000e+01  -1.0600528e+02
   8.2000000e+00   4.0000000e+01  -9.7581601e+01
   8.3000000e+00   4.0000000e+01  -8.9882792e+01
   8.4000000e+00   4.0000000e+01  -8.2872403e+01
   8.5000000e+00   4.0000000e+01  -7.6432697e+01
   8.6000000e+00   4.0000000e+01  -7.0511538e+01
   8.7000000e+00   4.0000000e+01  -6.5115127e+01
   8.8000000e+00   4.0000000e+01  -6.0171062e+01
   8.9000000e+00   4.0000000e+01  -5.5639703e+01
   9.0000000e+00   4.0000000e+01  -5.1483759e+01
   9.1000000e+00   4.0000000e+01  -4.7671245e+01
   9.2000000e+00   4.0000000e+01  -4.4176325e+01
   9.3000000e+00   4.0000000e+01  -4.0961686e+01
   9.4000000e+00   4.0000000e+01  -3.8002697e+01
   9.5000000e+00   4.0000000e+01  -3.5286521e+01
   2.7500000e+00   5.0000000e+01   2.7661371e+04
   3.0000000e+00   5.0000000e+01   1.7745378e+04
   3.0500000e+00   5.0000000e+01   1.6069302e+04
   3.1000000e+00   5.0000000e+01   1.4262610e+04
   3.1500000e+00   5.0000000e+01   1.2411869e+04
   3.2000000e+00   5.0000000e+01   1.0698785e+04
   3.2500000e+00   5.0000000e+01   9.3050683e+03
   3.3000000e+00   5.0000000e+01   8.2827558e+03
   3.3500000e+00   5.0000000e+01   7.2909730e+03
   3.4000000e+00   5.0000000e+01   6.3303528e+03
   3.4500000e+00   5.0000000e+01   5.4071747e+03
   3.5000000e+00   5.0000000e+01   4.5254898e+03
   3.5500000e+00   5.0000000e+01   3.6967629e+03
   3.6000000e+00   5.0000000e+01   2.9324584e+03
   3.6500000e+00   5.0000000e+01   2.2440412e+03
   3.7000000e+00   5.0000000e+01   1.6363052e+03
   3.7500000e+00   5.0000000e+01   1.1071104e+03
   3.8000000e+00   5.0000000e+01   6.7971256e+02
   3.8500000e+00   5.0000000e+01   2.6119484e+02
   3.9000000e+00   5.0000000e+01  -1.0658384e+02
   3.9500000e+00   5.0000000e+01  -4.2735353e+02
   4.0000000e+00   5.0000000e+01  -7.1165230e+02
   4.0500000e+00   5.0000000e+01  -9.6178930e+02
   4.1000000e+00   5.0000000e+01  -1.1791221e+03
   4.1500000e+00   5.0000000e+01  -1.3650083e+03
   4.2000000e+00   5.0000000e+01  -1.5208054e+03
   4.2500000e+00   5.0000000e+01  -1.6478711e+03
   4.3000000e+00   5.0000000e+01  -1.7475629e+03
   4.3500000e+00   5.0000000e+01  -1.8212383e+03
   4.4000000e+00   5.0000000e+01  -1.8702550e+03
   4.4500000e+00   5.0000000e+01  -1.8975996e+03
   4.5000000e+00   5.0000000e+01  -1.9108168e+03
   4.5500000e+00   5.0000000e+01  -1.9115665e+03
   4.6000000e+00   5.0000000e+01  -1.9009579e+03
   4.6500000e+00   5.0000000e+01  -1.8808298e+03
   4.7000000e+00   5.0000000e+01  -1.8526190e+03
   4.7500000e+00   5.0000000e+01  -1.8173446e+03
   4.8000000e+00   5.0000000e+01  -1.7768491e+03
   4.8500000e+00   5.0000000e+01  -1.7319649e+03
   4.9000000e+00   5.0000000e+01  -1.6833109e+03
   4.9500000e+00   5.0000000e+01  -1.6320963e+03
   5.0000000e+00   5.0000000e+01  -1.5789841e+03
   5.0500000e+00   5.0000000e+01  -1.5245668e+03
   5.1000000e+00   5.0000000e+01  -1.4694475e+03
   5.1500000e+00   5.0000000e+01  -1.4141145e+03
   5.2000000e+00   5.0000000e+01  -1.3589816e+03
   5.2500000e+00   5.0000000e+01  -1.3044352e+03
   5.3000000e+00   5.0000000e+01  -1.2506561e+03
   5.3500000e+00   5.0000000e+01  -1.1979942e+03
   5.4000000e+00   5.0000000e+01  -1.1465998e+03
   5.4500000e+00   5.0000000e+01  -1.0966208e+03
   5.5000000e+00   5.0000000e+01  -1.0481694e+03
   5.5500000e+00   5.0000000e+01  -1.0013265e+03
   5.6000000e+00   5.0000000e+01  -9.5614631e+02
   5.6500000e+00   5.0000000e+01  -9.1265936e+02
   5.7000000e+00   5.0000000e+01  -8.7087377e+02
   5.7500000e+00   5.0000000e+01  -8.3079470e+02
   5.8000000e+00   5.0000000e+01  -7.9240092e+02
   5.8500000e+00   5.0000000e+01  -7.5566474e+02
   5.9000000e+00   5.0000000e+01  -7.2055041e+02
   5.9500000e+00   5.0000000e+01  -6.8701540e+02
   6.0000000e+00   5.0000000e+01  -6.5501252e+02
   6.1000000e+00   5.0000000e+01  -5.9539724e+02
   6.2000000e+00   5.0000000e+01  -5.4127547e+02
   6.3000000e+00   5.0000000e+01  -4.9220655e+02
   6.4000000e+00   5.0000000e+01  -4.4775236e+02
   6.5000000e+00   5.0000000e+01  -4.0750317e+02
   6.6000000e+00   5.0000000e+01  -3.7107079e+02
   6.7000000e+00   5.0000000e+01  -3.3809590e+02
   6.8000000e+00   5.0000000e+01  -3.0824827e+02
   6.9000000e+00   5.0000000e+01  -2.8119717e+02
   7.0000000e+00   5.0000000e+01  -2.5672226e+02
   7.1000000e+00   5.0000000e+01  -2.3454581e+02
   7.2000000e+00   5.0000000e+01  -2.1444090e+02
   7.3000000e+00   5.0000000e+01  -1.9620296e+02
   7.4000000e+00   5.0000000e+01  -1.7964634e+02
   7.5000000e+00   5.0000000e+01  -1.6460567e+02
   7.6000000e+00   5.0000000e+01  -1.5093125e+02
   7.7000000e+00   5.0000000e+01  -1.3848978e+02
   7.8000000e+00   5.0000000e+01  -1.2716551e+02
   7.9000000e+00   5.0000000e+01  -1.1684450e+02
   8.0000000e+00   5.0000000e+01  -1.0743299e+02
   8.1000000e+00   5.0000000e+01  -9.8846750e+01
   8.2000000e+00   5.0000000e+01  -9.1035545e+01
   8.3000000e+00   5.0000000e+01  -8.3874206e+01
   8.4000000e+00   5.0000000e+01  -7.7301361e+01
   8.5000000e+00   5.0000000e+01  -7.1315525e+01
   8.6000000e+00   5.0000000e+01  -6.5837885e+01
   8.7000000e+00   5.0000000e+01  -6.0822676e+01
   8.8000000e+00   5.0000000e+01  -5.6229028e+01
   8.9000000e+00   5.0000000e+01  -5.2018915e+01
   9.0000000e+00   5.0000000e+01  -4.8157562e+01
   9.1000000e+00   5.0000000e+01  -4.4619906e+01
   9.2000000e+00   5.0000000e+01  -4.1363196e+01
   9.3000000e+00   5.0000000e+01  -3.8375488e+01
   9.4000000e+00   5.0000000e+01  -3.5629525e+01
   9.5000000e+00   5.0000000e+01  -3.3103923e+01
   2.7500000e+00   6.0000000e+01   2.3709790e+04
   3.0000000e+00   6.0000000e+01   1.4352679e+04
   3.0500000e+00   6.0000000e+01   1.3011746e+04
   3.1000000e+00   6.0000000e+01   1.1717245e+04
   3.1500000e+00   6.0000000e+01   1.0462575e+04
   3.2000000e+00   6.0000000e+01   9.2520216e+03
   3.2500000e+00   6.0000000e+01   8.0977894e+03
   3.3000000e+00   6.0000000e+01   7.0120632e+03
   3.3500000e+00   6.0000000e+01   6.0002272e+03
   3.4000000e+00   6.0000000e+01   5.0656303e+03
   3.4500000e+00   6.0000000e+01   4.2072873e+03
   3.5000000e+00   6.0000000e+01   3.4238591e+03
   3.5500000e+00   6.0000000e+01   2.7116051e+03
   3.6000000e+00   6.0000000e+01   2.0680191e+03
   3.6500000e+00   6.0000000e+01   1.4797373e+03
   3.7000000e+00   6.0000000e+01   9.5408702e+02
   3.7500000e+00   6.0000000e+01   4.9862640e+02
   3.8000000e+00   6.0000000e+01   9.9322386e+01
   3.8500000e+00   6.0000000e+01  -2.5182430e+02
   3.9000000e+00   6.0000000e+01  -5.5809569e+02
   3.9500000e+00   6.0000000e+01  -8.2232680e+02
   4.0000000e+00   6.0000000e+01  -1.0478749e+03
   4.0500000e+00   6.0000000e+01  -1.2360018e+03
   4.1000000e+00   6.0000000e+01  -1.3824955e+03
   4.1500000e+00   6.0000000e+01  -1.5103580e+03
   4.2000000e+00   6.0000000e+01  -1.6126830e+03
   4.2500000e+00   6.0000000e+01  -1.6920934e+03
   4.3000000e+00   6.0000000e+01  -1.7511642e+03
   4.3500000e+00   6.0000000e+01  -1.7921862e+03
   4.4000000e+00   6.0000000e+01  -1.8173250e+03
   4.4500000e+00   6.0000000e+01  -1.8287203e+03
   4.5000000e+00   6.0000000e+01  -1.8278705e+03
   4.5500000e+00   6.0000000e+01  -1.8166274e+03
   4.6000000e+00   6.0000000e+01  -1.7967006e+03
   4.6500000e+00   6.0000000e+01  -1.7689547e+03
   4.7000000e+00   6.0000000e+01  -1.7350951e+03
   4.7500000e+00   6.0000000e+01  -1.6959941e+03
   4.8000000e+00   6.0000000e+01  -1.6529214e+03
   4.8500000e+00   6.0000000e+01  -1.6065050e+03
   4.9000000e+00   6.0000000e+01  -1.5577825e+03
   4.9500000e+00   6.0000000e+01  -1.5073209e+03
   5.0000000e+00   6.0000000e+01  -1.4557162e+03
   5.0500000e+00   6.0000000e+01  -1.4034913e+03
   5.1000000e+00   6.0000000e+01  -1.3510932e+03
   5.1500000e+00   6.0000000e+01  -1.2989007e+03
   5.2000000e+00   6.0000000e+01  -1.2472283e+03
   5.2500000e+00   6.0000000e+01  -1.1963477e+03
   5.3000000e+00   6.0000000e+01  -1.1464701e+03
   5.3500000e+00   6.0000000e+01  -1.0977684e+03
   5.4000000e+00   6.0000000e+01  -1.0503784e+03
   5.4500000e+00   6.0000000e+01  -1.0044592e+03
   5.5000000e+00   6.0000000e+01  -9.5996863e+02
   5.5500000e+00   6.0000000e+01  -9.1701772e+02
   5.6000000e+00   6.0000000e+01  -8.7563986e+02
   5.6500000e+00   6.0000000e+01  -8.3584308e+02
   5.7000000e+00   6.0000000e+01  -7.9763337e+02
   5.7500000e+00   6.0000000e+01  -7.6099391e+02
   5.8000000e+00   6.0000000e+01  -7.2590175e+02
   5.8500000e+00   6.0000000e+01  -6.9232615e+02
   5.9000000e+00   6.0000000e+01  -6.6023032e+02
   5.9500000e+00   6.0000000e+01  -6.2957298e+02
   6.0000000e+00   6.0000000e+01  -6.0030904e+02
   6.1000000e+00   6.0000000e+01  -5.4577029e+02
   6.2000000e+00   6.0000000e+01  -4.9622172e+02
   6.3000000e+00   6.0000000e+01  -4.5126738e+02
   6.4000000e+00   6.0000000e+01  -4.1051452e+02
   6.5000000e+00   6.0000000e+01  -3.7359650e+02
   6.6000000e+00   6.0000000e+01  -3.4016660e+02
   6.7000000e+00   6.0000000e+01  -3.0990231e+02
   6.8000000e+00   6.0000000e+01  -2.8247818e+02
   6.9000000e+00   6.0000000e+01  -2.5769263e+02
   7.0000000e+00   6.0000000e+01  -2.3521600e+02
   7.1000000e+00   6.0000000e+01  -2.1487186e+02
   7.2000000e+00   6.0000000e+01  -1.9643489e+02
   7.3000000e+00   6.0000000e+01  -1.7971625e+02
   7.4000000e+00   6.0000000e+01  -1.6454575e+02
   7.5000000e+00   6.0000000e+01  -1.5077039e+02
   7.6000000e+00   6.0000000e+01  -1.3825234e+02
   7.7000000e+00   6.0000000e+01  -1.2687098e+02
   7.8000000e+00   6.0000000e+01  -1.1651050e+02
   7.9000000e+00   6.0000000e+01  -1.0707402e+02
   8.0000000e+00   6.0000000e+01  -9.8472645e+01
   8.1000000e+00   6.0000000e+01  -9.0654706e+01
   8.2000000e+00   6.0000000e+01  -8.3467739e+01
   8.3000000e+00   6.0000000e+01  -7.6928597e+01
   8.4000000e+00   6.0000000e+01  -7.0952417e+01
   8.5000000e+00   6.0000000e+01  -6.5487855e+01
   8.6000000e+00   6.0000000e+01  -6.0487975e+01
   8.7000000e+00   6.0000000e+01  -5.5910518e+01
   8.8000000e+00   6.0000000e+01  -5.1717644e+01
   8.9000000e+00   6.0000000e+01  -4.7874118e+01
   9.0000000e+00   6.0000000e+01  -4.4353612e+01
   9.1000000e+00   6.0000000e+01  -4.1114219e+01
   9.2000000e+00   6.0000000e+01  -3.8143771e+01
   9.3000000e+00   6.0000000e+01  -3.5427749e+01
   9.4000000e+00   6.0000000e+01  -3.2917774e+01
   9.5000000e+00   6.0000000e+01  -3.0608710e+01
   2.7500000e+00   7.0000000e+01   2.0499147e+04
   3.0000000e+00   7.0000000e+01   1.2497141e+04
   3.0500000e+00   7.0000000e+01   1.1090530e+04
   3.1000000e+00   7.0000000e+01   9.7736129e+03
   3.1500000e+00   7.0000000e+01   8.5479328e+03
   3.2000000e+00   7.0000000e+01   7.4116797e+03
   3.2500000e+00   7.0000000e+01   6.3633224e+03
   3.3000000e+00   7.0000000e+01   5.3996665e+03
   3.3500000e+00   7.0000000e+01   4.5181934e+03
   3.4000000e+00   7.0000000e+01   3.7151774e+03
   3.4500000e+00   7.0000000e+01   2.9870650e+03
   3.5000000e+00   7.0000000e+01   2.3298762e+03
   3.5500000e+00   7.0000000e+01   1.7396110e+03
   3.6000000e+00   7.0000000e+01   1.2122066e+03
   3.6500000e+00   7.0000000e+01   7.4359770e+02
   3.7000000e+00   7.0000000e+01   3.2964372e+02
   3.7500000e+00   7.0000000e+01  -3.4182059e+01
   3.8000000e+00   7.0000000e+01  -3.5077014e+02
   3.8500000e+00   7.0000000e+01  -6.2454765e+02
   3.9000000e+00   7.0000000e+01  -8.5930435e+02
   3.9500000e+00   7.0000000e+01  -1.0584129e+03
   4.0000000e+00   7.0000000e+01  -1.2254018e+03
   4.0500000e+00   7.0000000e+01  -1.3628982e+03
   4.1000000e+00   7.0000000e+01  -1.4746760e+03
   4.1500000e+00   7.0000000e+01  -1.5631402e+03
   4.2000000e+00   7.0000000e+01  -1.6307042e+03
   4.2500000e+00   7.0000000e+01  -1.6798176e+03
   4.3000000e+00   7.0000000e+01  -1.7126399e+03
   4.3500000e+00   7.0000000e+01  -1.7311821e+03
   4.4000000e+00   7.0000000e+01  -1.7372936e+03
   4.4500000e+00   7.0000000e+01  -1.7326644e+03
   4.5000000e+00   7.0000000e+01  -1.7186945e+03
   4.5500000e+00   7.0000000e+01  -1.6970265e+03
   4.6000000e+00   7.0000000e+01  -1.6688317e+03
   4.6500000e+00   7.0000000e+01  -1.6351903e+03
   4.7000000e+00   7.0000000e+01  -1.5971240e+03
   4.7500000e+00   7.0000000e+01  -1.5556072e+03
   4.8000000e+00   7.0000000e+01  -1.5112672e+03
   4.8500000e+00   7.0000000e+01  -1.4648860e+03
   4.9000000e+00   7.0000000e+01  -1.4170715e+03
   4.9500000e+00   7.0000000e+01  -1.3683553e+03
   5.0000000e+00   7.0000000e+01  -1.3191882e+03
   5.0500000e+00   7.0000000e+01  -1.2699683e+03
   5.1000000e+00   7.0000000e+01  -1.2210196e+03
   5.1500000e+00   7.0000000e+01  -1.1726181e+03
   5.2000000e+00   7.0000000e+01  -1.1249994e+03
   5.2500000e+00   7.0000000e+01  -1.0783020e+03
   5.3000000e+00   7.0000000e+01  -1.0327334e+03
   5.3500000e+00   7.0000000e+01  -9.8841077e+02
   5.4000000e+00   7.0000000e+01  -9.4540315e+02
   5.4500000e+00   7.0000000e+01  -9.0377880e+02
   5.5000000e+00   7.0000000e+01  -8.6357936e+02
   5.5500000e+00   7.0000000e+01  -8.2483106e+02
   5.6000000e+00   7.0000000e+01  -7.8754528e+02
   5.6500000e+00   7.0000000e+01  -7.5172040e+02
   5.7000000e+00   7.0000000e+01  -7.1734442e+02
   5.7500000e+00   7.0000000e+01  -6.8439769e+02
   5.8000000e+00   7.0000000e+01  -6.5285210e+02
   5.8500000e+00   7.0000000e+01  -6.2267973e+02
   5.9000000e+00   7.0000000e+01  -5.9383600e+02
   5.9500000e+00   7.0000000e+01  -5.6628480e+02
   6.0000000e+00   7.0000000e+01  -5.3998441e+02
   6.1000000e+00   7.0000000e+01  -4.9096119e+02
   6.2000000e+00   7.0000000e+01  -4.4640916e+02
   6.3000000e+00   7.0000000e+01  -4.0597477e+02
   6.4000000e+00   7.0000000e+01  -3.6931301e+02
   6.5000000e+00   7.0000000e+01  -3.3609399e+02
   6.6000000e+00   7.0000000e+01  -3.0601209e+02
   6.7000000e+00   7.0000000e+01  -2.7878421e+02
   6.8000000e+00   7.0000000e+01  -2.5410721e+02
   6.9000000e+00   7.0000000e+01  -2.3179680e+02
   7.0000000e+00   7.0000000e+01  -2.1159987e+02
   7.1000000e+00   7.0000000e+01  -1.9330081e+02
   7.2000000e+00   7.0000000e+01  -1.7674048e+02
   7.3000000e+00   7.0000000e+01  -1.6171967e+02
   7.4000000e+00   7.0000000e+01  -1.4809398e+02
   7.5000000e+00   7.0000000e+01  -1.3572517e+02
   7.6000000e+00   7.0000000e+01  -1.2448771e+02
   7.7000000e+00   7.0000000e+01  -1.1427522e+02
   7.8000000e+00   7.0000000e+01  -1.0498012e+02
   7.9000000e+00   7.0000000e+01  -9.6515074e+01
   8.0000000e+00   7.0000000e+01  -8.8827619e+01
   8.1000000e+00   7.0000000e+01  -8.1791862e+01
   8.2000000e+00   7.0000000e+01  -7.5345235e+01
   8.3000000e+00   7.0000000e+01  -6.9481305e+01
   8.4000000e+00   7.0000000e+01  -6.4122767e+01
   8.5000000e+00   7.0000000e+01  -5.9222587e+01
   8.6000000e+00   7.0000000e+01  -5.4738495e+01
   8.7000000e+00   7.0000000e+01  -5.0632438e+01
   8.8000000e+00   7.0000000e+01  -4.6870384e+01
   8.9000000e+00   7.0000000e+01  -4.3425482e+01
   9.0000000e+00   7.0000000e+01  -4.0270258e+01
   9.1000000e+00   7.0000000e+01  -3.7364824e+01
   9.2000000e+00   7.0000000e+01  -3.4695445e+01
   9.3000000e+00   7.0000000e+01  -3.2241743e+01
   9.4000000e+00   7.0000000e+01  -2.9984541e+01
   9.5000000e+00   7.0000000e+01  -2.7906272e+01
   2.7500000e+00   8.0000000e+01   1.7460787e+04
   3.0000000e+00   8.0000000e+01   9.7434632e+03
   3.0500000e+00   8.0000000e+01   8.5155041e+03
   3.1000000e+00   8.0000000e+01   7.3825628e+03
   3.1500000e+00   8.0000000e+01   6.3408098e+03
   3.2000000e+00   8.0000000e+01   5.3862643e+03
   3.2500000e+00   8.0000000e+01   4.5145531e+03
   3.3000000e+00   8.0000000e+01   3.7221575e+03
   3.3500000e+00   8.0000000e+01   3.0047360e+03
   3.4000000e+00   8.0000000e+01   2.3580050e+03
   3.4500000e+00   8.0000000e+01   1.7776846e+03
   3.5000000e+00   8.0000000e+01   1.2594947e+03
   3.5500000e+00   8.0000000e+01   7.9914073e+02
   3.6000000e+00   8.0000000e+01   3.9245002e+02
   3.6500000e+00   8.0000000e+01   3.5351011e+01
   3.7000000e+00   8.0000000e+01  -2.7612816e+02
   3.7500000e+00   8.0000000e+01  -5.4578656e+02
   3.8000000e+00   8.0000000e+01  -7.7727901e+02
   3.8500000e+00   8.0000000e+01  -9.7406708e+02
   3.9000000e+00   8.0000000e+01  -1.1394437e+03
   3.9500000e+00   8.0000000e+01  -1.2763061e+03
   4.0000000e+00   8.0000000e+01  -1.3877250e+03
   4.0500000e+00   8.0000000e+01  -1.4763151e+03
   4.1000000e+00   8.0000000e+01  -1.5445550e+03
   4.1500000e+00   8.0000000e+01  -1.5947838e+03
   4.2000000e+00   8.0000000e+01  -1.6291387e+03
   4.2500000e+00   8.0000000e+01  -1.6495881e+03
   4.3000000e+00   8.0000000e+01  -1.6578810e+03
   4.3500000e+00   8.0000000e+01  -1.6556695e+03
   4.4000000e+00   8.0000000e+01  -1.6444662e+03
   4.4500000e+00   8.0000000e+01  -1.6256092e+03
   4.5000000e+00   8.0000000e+01  -1.5999249e+03
   4.5500000e+00   8.0000000e+01  -1.5692674e+03
   4.6000000e+00   8.0000000e+01  -1.5342284e+03
   4.6500000e+00   8.0000000e+01  -1.4956772e+03
   4.7000000e+00   8.0000000e+01  -1.4543681e+03
   4.7500000e+00   8.0000000e+01  -1.4109773e+03
   4.8000000e+00   8.0000000e+01  -1.3660953e+03
   4.8500000e+00   8.0000000e+01  -1.3202213e+03
   4.9000000e+00   8.0000000e+01  -1.2738072e+03
   4.9500000e+00   8.0000000e+01  -1.2272248e+03
   5.0000000e+00   8.0000000e+01  -1.1807947e+03
   5.0500000e+00   8.0000000e+01  -1.1347867e+03
   5.1000000e+00   8.0000000e+01  -1.0894255e+03
   5.1500000e+00   8.0000000e+01  -1.0449314e+03
   5.2000000e+00   8.0000000e+01  -1.0013483e+03
   5.2500000e+00   8.0000000e+01  -9.5890118e+02
   5.3000000e+00   8.0000000e+01  -9.1764479e+02
   5.3500000e+00   8.0000000e+01  -8.7775017e+02
   5.4000000e+00   8.0000000e+01  -8.3907181e+02
   5.4500000e+00   8.0000000e+01  -8.0174980e+02
   5.5000000e+00   8.0000000e+01  -7.6576227e+02
   5.5500000e+00   8.0000000e+01  -7.3114044e+02
   5.6000000e+00   8.0000000e+01  -6.9787894e+02
   5.6500000e+00   8.0000000e+01  -6.6596405e+02
   5.7000000e+00   8.0000000e+01  -6.3537488e+02
   5.7500000e+00   8.0000000e+01  -6.0608491e+02
   5.8000000e+00   8.0000000e+01  -5.7806321e+02
   5.8500000e+00   8.0000000e+01  -5.5127541e+02
   5.9000000e+00   8.0000000e+01  -5.2568446e+02
   5.9500000e+00   8.0000000e+01  -5.0125175e+02
   6.0000000e+00   8.0000000e+01  -4.7793604e+02
   6.1000000e+00   8.0000000e+01  -4.3449537e+02
   6.2000000e+00   8.0000000e+01  -3.9504486e+02
   6.3000000e+00   8.0000000e+01  -3.5925263e+02
   6.4000000e+00   8.0000000e+01  -3.2681453e+02
   6.5000000e+00   8.0000000e+01  -2.9743103e+02
   6.6000000e+00   8.0000000e+01  -2.7083913e+02
   6.7000000e+00   8.0000000e+01  -2.4677287e+02
   6.8000000e+00   8.0000000e+01  -2.2496986e+02
   6.9000000e+00   8.0000000e+01  -2.0526597e+02
   7.0000000e+00   8.0000000e+01  -1.8743284e+02
   7.1000000e+00   8.0000000e+01  -1.7128978e+02
   7.2000000e+00   8.0000000e+01  -1.5666347e+02
   7.3000000e+00   8.0000000e+01  -1.4340524e+02
   7.4000000e+00   8.0000000e+01  -1.3137902e+02
   7.5000000e+00   8.0000000e+01  -1.2046234e+02
   7.6000000e+00   8.0000000e+01  -1.1054429e+02
   7.7000000e+00   8.0000000e+01  -1.0153036e+02
   7.8000000e+00   8.0000000e+01  -9.3325424e+01
   7.9000000e+00   8.0000000e+01  -8.5853385e+01
   8.0000000e+00   8.0000000e+01  -7.9043140e+01
   8.1000000e+00   8.0000000e+01  -7.2858347e+01
   8.2000000e+00   8.0000000e+01  -6.7162420e+01
   8.3000000e+00   8.0000000e+01  -6.1983412e+01
   8.4000000e+00   8.0000000e+01  -5.7249532e+01
   8.5000000e+00   8.0000000e+01  -5.2919460e+01
   8.6000000e+00   8.0000000e+01  -4.8955691e+01
   8.7000000e+00   8.0000000e+01  -4.5324590e+01
   8.8000000e+00   8.0000000e+01  -4.1996088e+01
   8.9000000e+00   8.0000000e+01  -3.8956846e+01
   9.0000000e+00   8.0000000e+01  -3.6154126e+01
   9.1000000e+00   8.0000000e+01  -3.3579224e+01
   9.2000000e+00   8.0000000e+01  -3.1212364e+01
   9.3000000e+00   8.0000000e+01  -2.9034740e+01
   9.4000000e+00   8.0000000e+01  -2.7030078e+01
   9.5000000e+00   8.0000000e+01  -2.5182917e+01
   2.7500000e+00   9.0000000e+01   1.3057946e+04
   3.0000000e+00   9.0000000e+01   6.6843807e+03
   3.0500000e+00   9.0000000e+01   5.6992901e+03
   3.1000000e+00   9.0000000e+01   4.7998542e+03
   3.1500000e+00   9.0000000e+01   3.9814626e+03
   3.2000000e+00   9.0000000e+01   3.2409987e+03
   3.2500000e+00   9.0000000e+01   2.5724611e+03
   3.3000000e+00   9.0000000e+01   1.9719426e+03
   3.3500000e+00   9.0000000e+01   1.4350088e+03
   3.4000000e+00   9.0000000e+01   9.5734466e+02
   3.4500000e+00   9.0000000e+01   5.3464784e+02
   3.5000000e+00   9.0000000e+01   1.6275565e+02
   3.5500000e+00   9.0000000e+01  -1.6235060e+02
   3.6000000e+00   9.0000000e+01  -4.4454365e+02
   3.6500000e+00   9.0000000e+01  -6.8758642e+02
   3.7000000e+00   9.0000000e+01  -8.9494584e+02
   3.7500000e+00   9.0000000e+01  -1.0699044e+03
   3.8000000e+00   9.0000000e+01  -1.2156633e+03
   3.8500000e+00   9.0000000e+01  -1.3351532e+03
   3.9000000e+00   9.0000000e+01  -1.4311658e+03
   3.9500000e+00   9.0000000e+01  -1.5060442e+03
   4.0000000e+00   9.0000000e+01  -1.5623474e+03
   4.0500000e+00   9.0000000e+01  -1.6021993e+03
   4.1000000e+00   9.0000000e+01  -1.6276027e+03
   4.1500000e+00   9.0000000e+01  -1.6403944e+03
   4.2000000e+00   9.0000000e+01  -1.6422497e+03
   4.2500000e+00   9.0000000e+01  -1.6343692e+03
   4.3000000e+00   9.0000000e+01  -1.6187840e+03
   4.3500000e+00   9.0000000e+01  -1.5963956e+03
   4.4000000e+00   9.0000000e+01  -1.5683234e+03
   4.4500000e+00   9.0000000e+01  -1.5355636e+03
   4.5000000e+00   9.0000000e+01  -1.4990011e+03
   4.5500000e+00   9.0000000e+01  -1.4592979e+03
   4.6000000e+00   9.0000000e+01  -1.4173934e+03
   4.6500000e+00   9.0000000e+01  -1.3737656e+03
   4.7000000e+00   9.0000000e+01  -1.3289504e+03
   4.7500000e+00   9.0000000e+01  -1.2834008e+03
   4.8000000e+00   9.0000000e+01  -1.2375140e+03
   4.8500000e+00   9.0000000e+01  -1.1916192e+03
   4.9000000e+00   9.0000000e+01  -1.1460043e+03
   4.9500000e+00   9.0000000e+01  -1.1011357e+03
   5.0000000e+00   9.0000000e+01  -1.0567468e+03
   5.0500000e+00   9.0000000e+01  -1.0132387e+03
   5.1000000e+00   9.0000000e+01  -9.7074053e+02
   5.1500000e+00   9.0000000e+01  -9.2939602e+02
   5.2000000e+00   9.0000000e+01  -8.8915074e+02
   5.2500000e+00   9.0000000e+01  -8.5021982e+02
   5.3000000e+00   9.0000000e+01  -8.1258537e+02
   5.3500000e+00   9.0000000e+01  -7.7627338e+02
   5.4000000e+00   9.0000000e+01  -7.4128988e+02
   5.4500000e+00   9.0000000e+01  -7.0764929e+02
   5.5000000e+00   9.0000000e+01  -6.7533795e+02
   5.5500000e+00   9.0000000e+01  -6.4434058e+02
   5.6000000e+00   9.0000000e+01  -6.1463557e+02
   5.6500000e+00   9.0000000e+01  -5.8619663e+02
   5.7000000e+00   9.0000000e+01  -5.5899280e+02
   5.7500000e+00   9.0000000e+01  -5.3299057e+02
   5.8000000e+00   9.0000000e+01  -5.0815354e+02
   5.8500000e+00   9.0000000e+01  -4.8444410e+02
   5.9000000e+00   9.0000000e+01  -4.6182326e+02
   5.9500000e+00   9.0000000e+01  -4.4025127e+02
   6.0000000e+00   9.0000000e+01  -4.1968841e+02
   6.1000000e+00   9.0000000e+01  -3.8143478e+02
   6.2000000e+00   9.0000000e+01  -3.4670888e+02
   6.3000000e+00   9.0000000e+01  -3.1528328e+02
   6.4000000e+00   9.0000000e+01  -2.8683447e+02
   6.5000000e+00   9.0000000e+01  -2.6111901e+02
   6.6000000e+00   9.0000000e+01  -2.3783470e+02
   6.7000000e+00   9.0000000e+01  -2.1677685e+02
   6.8000000e+00   9.0000000e+01  -1.9770348e+02
   6.9000000e+00   9.0000000e+01  -1.8047280e+02
   7.0000000e+00   9.0000000e+01  -1.6487555e+02
   7.1000000e+00   9.0000000e+01  -1.5076019e+02
   7.2000000e+00   9.0000000e+01  -1.3796792e+02
   7.3000000e+00   9.0000000e+01  -1.2636984e+02
   7.4000000e+00   9.0000000e+01  -1.1584902e+02
   7.5000000e+00   9.0000000e+01  -1.0629324e+02
   7.6000000e+00   9.0000000e+01  -9.7613342e+01
   7.7000000e+00   9.0000000e+01  -8.9716086e+01
   7.8000000e+00   9.0000000e+01  -8.2527910e+01
   7.9000000e+00   9.0000000e+01  -7.5978960e+01
   8.0000000e+00   9.0000000e+01  -7.0009555e+01
   8.1000000e+00   9.0000000e+01  -6.4563150e+01
   8.2000000e+00   9.0000000e+01  -5.9589879e+01
   8.3000000e+00   9.0000000e+01  -5.5071601e+01
   8.4000000e+00   9.0000000e+01  -5.0889894e+01
   8.5000000e+00   9.0000000e+01  -4.7086810e+01
   8.6000000e+00   9.0000000e+01  -4.3603808e+01
   8.7000000e+00   9.0000000e+01  -4.0411512e+01
   8.8000000e+00   9.0000000e+01  -3.7483731e+01
   8.9000000e+00   9.0000000e+01  -3.4809690e+01
   9.0000000e+00   9.0000000e+01  -3.2340627e+01
   9.1000000e+00   9.0000000e+01  -3.0070591e+01
   9.2000000e+00   9.0000000e+01  -2.7982323e+01
   9.3000000e+00   9.0000000e+01  -2.6059286e+01
   9.4000000e+00   9.0000000e+01  -2.4287197e+01
   9.5000000e+00   9.0000000e+01  -2.2653157e+01
   2.7500000e+00   1.0000000e+02   8.4340078e+03
   3.0000000e+00   1.0000000e+02   3.4348267e+03
   3.0500000e+00   1.0000000e+02   2.7038531e+03
   3.1000000e+00   1.0000000e+02   2.0490432e+03
   3.1500000e+00   1.0000000e+02   1.4653208e+03
   3.2000000e+00   1.0000000e+02   9.4744882e+02
   3.2500000e+00   1.0000000e+02   4.9047310e+02
   3.3000000e+00   1.0000000e+02   8.9331949e+01
   3.3500000e+00   1.0000000e+02  -2.5963594e+02
   3.4000000e+00   1.0000000e+02  -5.6173329e+02
   3.4500000e+00   1.0000000e+02  -8.2084492e+02
   3.5000000e+00   1.0000000e+02  -1.0409317e+03
   3.5500000e+00   1.0000000e+02  -1.2257354e+03
   3.6000000e+00   1.0000000e+02  -1.3787651e+03
   3.6500000e+00   1.0000000e+02  -1.5032969e+03
   3.7000000e+00   1.0000000e+02  -1.6024097e+03
   3.7500000e+00   1.0000000e+02  -1.6789113e+03
   3.8000000e+00   1.0000000e+02  -1.7354221e+03
   3.8500000e+00   1.0000000e+02  -1.7743522e+03
   3.9000000e+00   1.0000000e+02  -1.7979377e+03
   3.9500000e+00   1.0000000e+02  -1.8080153e+03
   4.0000000e+00   1.0000000e+02  -1.8065907e+03
   4.0500000e+00   1.0000000e+02  -1.7952464e+03
   4.1000000e+00   1.0000000e+02  -1.7755292e+03
   4.1500000e+00   1.0000000e+02  -1.7486623e+03
   4.2000000e+00   1.0000000e+02  -1.7158904e+03
   4.2500000e+00   1.0000000e+02  -1.6782800e+03
   4.3000000e+00   1.0000000e+02  -1.6367719e+03
   4.3500000e+00   1.0000000e+02  -1.5918730e+03
   4.4000000e+00   1.0000000e+02  -1.5449768e+03
   4.4500000e+00   1.0000000e+02  -1.4963825e+03
   4.5000000e+00   1.0000000e+02  -1.4466416e+03
   4.5500000e+00   1.0000000e+02  -1.3962404e+03
   4.6000000e+00   1.0000000e+02  -1.3455846e+03
   4.6500000e+00   1.0000000e+02  -1.2949019e+03
   4.7000000e+00   1.0000000e+02  -1.2447360e+03
   4.7500000e+00   1.0000000e+02  -1.1952109e+03
   4.8000000e+00   1.0000000e+02  -1.1465353e+03
   4.8500000e+00   1.0000000e+02  -1.0988706e+03
   4.9000000e+00   1.0000000e+02  -1.0525374e+03
   4.9500000e+00   1.0000000e+02  -1.0072664e+03
   5.0000000e+00   1.0000000e+02  -9.6333029e+02
   5.0500000e+00   1.0000000e+02  -9.2078904e+02
   5.1000000e+00   1.0000000e+02  -8.7968410e+02
   5.1500000e+00   1.0000000e+02  -8.3999675e+02
   5.2000000e+00   1.0000000e+02  -8.0185954e+02
   5.2500000e+00   1.0000000e+02  -7.6512481e+02
   5.3000000e+00   1.0000000e+02  -7.2988536e+02
   5.3500000e+00   1.0000000e+02  -6.9608927e+02
   5.4000000e+00   1.0000000e+02  -6.6371175e+02
   5.4500000e+00   1.0000000e+02  -6.3272352e+02
   5.5000000e+00   1.0000000e+02  -6.0309021e+02
   5.5500000e+00   1.0000000e+02  -5.7477454e+02
   5.6000000e+00   1.0000000e+02  -5.4773680e+02
   5.6500000e+00   1.0000000e+02  -5.2202911e+02
   5.7000000e+00   1.0000000e+02  -4.9742332e+02
   5.7500000e+00   1.0000000e+02  -4.7396686e+02
   5.8000000e+00   1.0000000e+02  -4.5161618e+02
   5.8500000e+00   1.0000000e+02  -4.3032732e+02
   5.9000000e+00   1.0000000e+02  -4.1005669e+02
   5.9500000e+00   1.0000000e+02  -3.9076170e+02
   6.0000000e+00   1.0000000e+02  -3.7240004e+02
   6.1000000e+00   1.0000000e+02  -3.3831424e+02
   6.2000000e+00   1.0000000e+02  -3.0748249e+02
   6.3000000e+00   1.0000000e+02  -2.7960822e+02
   6.4000000e+00   1.0000000e+02  -2.5441535e+02
   6.5000000e+00   1.0000000e+02  -2.3164990e+02
   6.6000000e+00   1.0000000e+02  -2.1107536e+02
   6.7000000e+00   1.0000000e+02  -1.9247815e+02
   6.8000000e+00   1.0000000e+02  -1.7563506e+02
   6.9000000e+00   1.0000000e+02  -1.6029117e+02
   7.0000000e+00   1.0000000e+02  -1.4652087e+02
   7.1000000e+00   1.0000000e+02  -1.3404951e+02
   7.2000000e+00   1.0000000e+02  -1.2274699e+02
   7.3000000e+00   1.0000000e+02  -1.1249220e+02
   7.4000000e+00   1.0000000e+02  -1.0319207e+02
   7.5000000e+00   1.0000000e+02  -9.4740826e+01
   7.6000000e+00   1.0000000e+02  -8.7060160e+01
   7.7000000e+00   1.0000000e+02  -8.0074658e+01
   7.8000000e+00   1.0000000e+02  -7.3710363e+01
   7.9000000e+00   1.0000000e+02  -6.7911436e+01
   8.0000000e+00   1.0000000e+02  -6.2623017e+01
   8.1000000e+00   1.0000000e+02  -5.7795683e+01
   8.2000000e+00   1.0000000e+02  -5.3387527e+01
   8.3000000e+00   1.0000000e+02  -4.9358029e+01
   8.4000000e+00   1.0000000e+02  -4.5671493e+01
   8.5000000e+00   1.0000000e+02  -4.2296578e+01
   8.6000000e+00   1.0000000e+02  -3.9229366e+01
   8.7000000e+00   1.0000000e+02  -3.6368622e+01
   8.8000000e+00   1.0000000e+02  -3.3766032e+01
   8.9000000e+00   1.0000000e+02  -3.1389810e+01
   9.0000000e+00   1.0000000e+02  -2.9192249e+01
   9.1000000e+00   1.0000000e+02  -2.7170540e+01
   9.2000000e+00   1.0000000e+02  -2.5309269e+01
   9.3000000e+00   1.0000000e+02  -2.3593941e+01
   9.4000000e+00   1.0000000e+02  -2.2012177e+01
   9.5000000e+00   1.0000000e+02  -2.0552039e+01
   2.7500000e+00   1.1000000e+02   3.8862377e+03
   3.0000000e+00   1.1000000e+02   2.7025483e+01
   3.0500000e+00   1.1000000e+02  -4.7421774e+02
   3.1000000e+00   1.1000000e+02  -9.0263121e+02
   3.1500000e+00   1.1000000e+02  -1.2644417e+03
   3.2000000e+00   1.1000000e+02  -1.4916019e+03
   3.2500000e+00   1.1000000e+02  -1.7481428e+03
   3.3000000e+00   1.1000000e+02  -1.9573428e+03
   3.3500000e+00   1.1000000e+02  -2.1243777e+03
   3.4000000e+00   1.1000000e+02  -2.2540093e+03
   3.4500000e+00   1.1000000e+02  -2.3510008e+03
   3.5000000e+00   1.1000000e+02  -2.4189275e+03
   3.5500000e+00   1.1000000e+02  -2.4615883e+03
   3.6000000e+00   1.1000000e+02  -2.4825082e+03
   3.6500000e+00   1.1000000e+02  -2.4847634e+03
   3.7000000e+00   1.1000000e+02  -2.4709735e+03
   3.7500000e+00   1.1000000e+02  -2.4439782e+03
   3.8000000e+00   1.1000000e+02  -2.4063616e+03
   3.8500000e+00   1.1000000e+02  -2.3591075e+03
   3.9000000e+00   1.1000000e+02  -2.3044880e+03
   3.9500000e+00   1.1000000e+02  -2.2441132e+03
   4.0000000e+00   1.1000000e+02  -2.1791318e+03
   4.0500000e+00   1.1000000e+02  -2.1109157e+03
   4.1000000e+00   1.1000000e+02  -2.0401725e+03
   4.1500000e+00   1.1000000e+02  -1.9682648e+03
   4.2000000e+00   1.1000000e+02  -1.8956596e+03
   4.2500000e+00   1.1000000e+02  -1.8230764e+03
   4.3000000e+00   1.1000000e+02  -1.7508130e+03
   4.3500000e+00   1.1000000e+02  -1.6794099e+03
   4.4000000e+00   1.1000000e+02  -1.6091886e+03
   4.4500000e+00   1.1000000e+02  -1.5404624e+03
   4.5000000e+00   1.1000000e+02  -1.4734536e+03
   4.5500000e+00   1.1000000e+02  -1.4083159e+03
   4.6000000e+00   1.1000000e+02  -1.3451756e+03
   4.6500000e+00   1.1000000e+02  -1.2839982e+03
   4.7000000e+00   1.1000000e+02  -1.2250983e+03
   4.7500000e+00   1.1000000e+02  -1.1683673e+03
   4.8000000e+00   1.1000000e+02  -1.1136434e+03
   4.8500000e+00   1.1000000e+02  -1.0614949e+03
   4.9000000e+00   1.1000000e+02  -1.0113754e+03
   4.9500000e+00   1.1000000e+02  -9.6332187e+02
   5.0000000e+00   1.1000000e+02  -9.1735752e+02
   5.0500000e+00   1.1000000e+02  -8.7343242e+02
   5.1000000e+00   1.1000000e+02  -8.3149087e+02
   5.1500000e+00   1.1000000e+02  -7.9147269e+02
   5.2000000e+00   1.1000000e+02  -7.5316518e+02
   5.2500000e+00   1.1000000e+02  -7.1683784e+02
   5.3000000e+00   1.1000000e+02  -6.8216983e+02
   5.3500000e+00   1.1000000e+02  -6.4919642e+02
   5.4000000e+00   1.1000000e+02  -6.1781627e+02
   5.4500000e+00   1.1000000e+02  -5.8796244e+02
   5.5000000e+00   1.1000000e+02  -5.5961559e+02
   5.5500000e+00   1.1000000e+02  -5.3261567e+02
   5.6000000e+00   1.1000000e+02  -5.0692665e+02
   5.6500000e+00   1.1000000e+02  -4.8253199e+02
   5.7000000e+00   1.1000000e+02  -4.5934973e+02
   5.7500000e+00   1.1000000e+02  -4.3732276e+02
   5.8000000e+00   1.1000000e+02  -4.1650604e+02
   5.8500000e+00   1.1000000e+02  -3.9662458e+02
   5.9000000e+00   1.1000000e+02  -3.7773894e+02
   5.9500000e+00   1.1000000e+02  -3.5979953e+02
   6.0000000e+00   1.1000000e+02  -3.4275986e+02
   6.1000000e+00   1.1000000e+02  -3.1120283e+02
   6.2000000e+00   1.1000000e+02  -2.8273226e+02
   6.3000000e+00   1.1000000e+02  -2.5704518e+02
   6.4000000e+00   1.1000000e+02  -2.3386227e+02
   6.5000000e+00   1.1000000e+02  -2.1293438e+02
   6.6000000e+00   1.1000000e+02  -1.9403524e+02
   6.7000000e+00   1.1000000e+02  -1.7696009e+02
   6.8000000e+00   1.1000000e+02  -1.6149732e+02
   6.9000000e+00   1.1000000e+02  -1.4753505e+02
   7.0000000e+00   1.1000000e+02  -1.3489776e+02
   7.1000000e+00   1.1000000e+02  -1.2345223e+02
   7.2000000e+00   1.1000000e+02  -1.1307869e+02
   7.3000000e+00   1.1000000e+02  -1.0366906e+02
   7.4000000e+00   1.1000000e+02  -9.5128067e+01
   7.5000000e+00   1.1000000e+02  -8.7229105e+01
   7.6000000e+00   1.1000000e+02  -8.0173688e+01
   7.7000000e+00   1.1000000e+02  -7.3759073e+01
   7.8000000e+00   1.1000000e+02  -6.7915415e+01
   7.9000000e+00   1.1000000e+02  -6.2592401e+01
   8.0000000e+00   1.1000000e+02  -5.7736566e+01
   8.1000000e+00   1.1000000e+02  -5.3304508e+01
   8.2000000e+00   1.1000000e+02  -4.9256765e+01
   8.3000000e+00   1.1000000e+02  -4.5556548e+01
   8.4000000e+00   1.1000000e+02  -4.2171266e+01
   8.5000000e+00   1.1000000e+02  -3.9072428e+01
   8.6000000e+00   1.1000000e+02  -3.6225141e+01
   8.7000000e+00   1.1000000e+02  -3.3628803e+01
   8.8000000e+00   1.1000000e+02  -3.1263159e+01
   8.9000000e+00   1.1000000e+02  -2.9042287e+01
   9.0000000e+00   1.1000000e+02  -2.7023484e+01
   9.1000000e+00   1.1000000e+02  -2.5179418e+01
   9.2000000e+00   1.1000000e+02  -2.3468019e+01
   9.3000000e+00   1.1000000e+02  -2.1890550e+01
   9.4000000e+00   1.1000000e+02  -2.0435242e+01
   9.5000000e+00   1.1000000e+02  -1.9091319e+01
   2.7500000e+00   1.2000000e+02   8.0493811e+02
   3.0000000e+00   1.2000000e+02  -2.8287538e+03
   3.0500000e+00   1.2000000e+02  -3.2196124e+03
   3.1000000e+00   1.2000000e+02  -3.5252349e+03
   3.1500000e+00   1.2000000e+02  -3.7553287e+03
   3.2000000e+00   1.2000000e+02  -3.9187966e+03
   3.2500000e+00   1.2000000e+02  -4.0233025e+03
   3.3000000e+00   1.2000000e+02  -4.0763638e+03
   3.3500000e+00   1.2000000e+02  -4.0839928e+03
   3.4000000e+00   1.2000000e+02  -4.0496179e+03
   3.4500000e+00   1.2000000e+02  -3.9856604e+03
   3.5000000e+00   1.2000000e+02  -3.9071077e+03
   3.5500000e+00   1.2000000e+02  -3.8228460e+03
   3.6000000e+00   1.2000000e+02  -3.7227998e+03
   3.6500000e+00   1.2000000e+02  -3.6107522e+03
   3.7000000e+00   1.2000000e+02  -3.4893040e+03
   3.7500000e+00   1.2000000e+02  -3.3613959e+03
   3.8000000e+00   1.2000000e+02  -3.2293385e+03
   3.8500000e+00   1.2000000e+02  -3.0950845e+03
   3.9000000e+00   1.2000000e+02  -2.9601800e+03
   3.9500000e+00   1.2000000e+02  -2.8262351e+03
   4.0000000e+00   1.2000000e+02  -2.6943816e+03
   4.0500000e+00   1.2000000e+02  -2.5649645e+03
   4.1000000e+00   1.2000000e+02  -2.4390818e+03
   4.1500000e+00   1.2000000e+02  -2.3171860e+03
   4.2000000e+00   1.2000000e+02  -2.1994889e+03
   4.2500000e+00   1.2000000e+02  -2.0866661e+03
   4.3000000e+00   1.2000000e+02  -1.9785476e+03
   4.3500000e+00   1.2000000e+02  -1.8752579e+03
   4.4000000e+00   1.2000000e+02  -1.7768079e+03
   4.4500000e+00   1.2000000e+02  -1.6831549e+03
   4.5000000e+00   1.2000000e+02  -1.5942036e+03
   4.5500000e+00   1.2000000e+02  -1.5098145e+03
   4.6000000e+00   1.2000000e+02  -1.4298638e+03
   4.6500000e+00   1.2000000e+02  -1.3541813e+03
   4.7000000e+00   1.2000000e+02  -1.2825823e+03
   4.7500000e+00   1.2000000e+02  -1.2148876e+03
   4.8000000e+00   1.2000000e+02  -1.1509012e+03
   4.8500000e+00   1.2000000e+02  -1.0904370e+03
   4.9000000e+00   1.2000000e+02  -1.0332139e+03
   4.9500000e+00   1.2000000e+02  -9.7942078e+02
   5.0000000e+00   1.2000000e+02  -9.2853563e+02
   5.0500000e+00   1.2000000e+02  -8.8036757e+02
   5.1000000e+00   1.2000000e+02  -8.3492722e+02
   5.1500000e+00   1.2000000e+02  -7.9200609e+02
   5.2000000e+00   1.2000000e+02  -7.5140761e+02
   5.2500000e+00   1.2000000e+02  -7.1310188e+02
   5.3000000e+00   1.2000000e+02  -6.7690403e+02
   5.3500000e+00   1.2000000e+02  -6.4272504e+02
   5.4000000e+00   1.2000000e+02  -6.1034876e+02
   5.4500000e+00   1.2000000e+02  -5.7976704e+02
   5.5000000e+00   1.2000000e+02  -5.5088293e+02
   5.5500000e+00   1.2000000e+02  -5.2351983e+02
   5.6000000e+00   1.2000000e+02  -4.9762815e+02
   5.6500000e+00   1.2000000e+02  -4.7312310e+02
   5.7000000e+00   1.2000000e+02  -4.4992385e+02
   5.7500000e+00   1.2000000e+02  -4.2795581e+02
   5.8000000e+00   1.2000000e+02  -4.0711788e+02
   5.8500000e+00   1.2000000e+02  -3.8743615e+02
   5.9000000e+00   1.2000000e+02  -3.6887277e+02
   5.9500000e+00   1.2000000e+02  -3.5116716e+02
   6.0000000e+00   1.2000000e+02  -3.3438331e+02
   6.1000000e+00   1.2000000e+02  -3.0337026e+02
   6.2000000e+00   1.2000000e+02  -2.7546183e+02
   6.3000000e+00   1.2000000e+02  -2.5032784e+02
   6.4000000e+00   1.2000000e+02  -2.2767505e+02
   6.5000000e+00   1.2000000e+02  -2.0722116e+02
   6.6000000e+00   1.2000000e+02  -1.8878131e+02
   6.7000000e+00   1.2000000e+02  -1.7212662e+02
   6.8000000e+00   1.2000000e+02  -1.5707403e+02
   6.9000000e+00   1.2000000e+02  -1.4345907e+02
   7.0000000e+00   1.2000000e+02  -1.3110757e+02
   7.1000000e+00   1.2000000e+02  -1.1994474e+02
   7.2000000e+00   1.2000000e+02  -1.0982642e+02
   7.3000000e+00   1.2000000e+02  -1.0064818e+02
   7.4000000e+00   1.2000000e+02  -9.2317124e+01
   7.5000000e+00   1.2000000e+02  -8.4749685e+01
   7.6000000e+00   1.2000000e+02  -7.7871539e+01
   7.7000000e+00   1.2000000e+02  -7.1615086e+01
   7.8000000e+00   1.2000000e+02  -6.5920708e+01
   7.9000000e+00   1.2000000e+02  -6.0738811e+01
   8.0000000e+00   1.2000000e+02  -5.6012016e+01
   8.1000000e+00   1.2000000e+02  -5.1556865e+01
   8.2000000e+00   1.2000000e+02  -4.7620463e+01
   8.3000000e+00   1.2000000e+02  -4.4024501e+01
   8.4000000e+00   1.2000000e+02  -4.0737328e+01
   8.5000000e+00   1.2000000e+02  -3.7729290e+01
   8.6000000e+00   1.2000000e+02  -3.4974690e+01
   8.7000000e+00   1.2000000e+02  -3.2450846e+01
   8.8000000e+00   1.2000000e+02  -3.0135553e+01
   8.9000000e+00   1.2000000e+02  -2.8010199e+01
   9.0000000e+00   1.2000000e+02  -2.6081486e+01
   9.1000000e+00   1.2000000e+02  -2.4260739e+01
   9.2000000e+00   1.2000000e+02  -2.2621215e+01
   9.3000000e+00   1.2000000e+02  -2.1097628e+01
   9.4000000e+00   1.2000000e+02  -1.9692437e+01
   9.5000000e+00   1.2000000e+02  -1.8395582e+01
   2.7500000e+00   1.3000000e+02   3.0738974e+03
   3.0000000e+00   1.3000000e+02  -3.1603091e+03
   3.0500000e+00   1.3000000e+02  -3.8165455e+03
   3.1000000e+00   1.3000000e+02  -4.3262635e+03
   3.1500000e+00   1.3000000e+02  -4.7078372e+03
   3.2000000e+00   1.3000000e+02  -4.9778684e+03
   3.2500000e+00   1.3000000e+02  -5.1514880e+03
   3.3000000e+00   1.3000000e+02  -5.2421968e+03
   3.3500000e+00   1.3000000e+02  -5.2616458e+03
   3.4000000e+00   1.3000000e+02  -5.2210603e+03
   3.4500000e+00   1.3000000e+02  -5.1286768e+03
   3.5000000e+00   1.3000000e+02  -4.9921240e+03
   3.5500000e+00   1.3000000e+02  -4.8607360e+03
   3.6000000e+00   1.3000000e+02  -4.7067985e+03
   3.6500000e+00   1.3000000e+02  -4.5361946e+03
   3.7000000e+00   1.3000000e+02  -4.3539146e+03
   3.7500000e+00   1.3000000e+02  -4.1641831e+03
   3.8000000e+00   1.3000000e+02  -3.9705965e+03
   3.8500000e+00   1.3000000e+02  -3.7760994e+03
   3.9000000e+00   1.3000000e+02  -3.5830888e+03
   3.9500000e+00   1.3000000e+02  -3.3934925e+03
   4.0000000e+00   1.3000000e+02  -3.2087949e+03
   4.0500000e+00   1.3000000e+02  -3.0301349e+03
   4.1000000e+00   1.3000000e+02  -2.8584483e+03
   4.1500000e+00   1.3000000e+02  -2.6943082e+03
   4.2000000e+00   1.3000000e+02  -2.5376563e+03
   4.2500000e+00   1.3000000e+02  -2.3887090e+03
   4.3000000e+00   1.3000000e+02  -2.2479904e+03
   4.3500000e+00   1.3000000e+02  -2.1151501e+03
   4.4000000e+00   1.3000000e+02  -1.9900145e+03
   4.4500000e+00   1.3000000e+02  -1.8723393e+03
   4.5000000e+00   1.3000000e+02  -1.7618511e+03
   4.5500000e+00   1.3000000e+02  -1.6582265e+03
   4.6000000e+00   1.3000000e+02  -1.5611308e+03
   4.6500000e+00   1.3000000e+02  -1.4701974e+03
   4.7000000e+00   1.3000000e+02  -1.3851139e+03
   4.7500000e+00   1.3000000e+02  -1.3054968e+03
   4.8000000e+00   1.3000000e+02  -1.2310105e+03
   4.8500000e+00   1.3000000e+02  -1.1613227e+03
   4.9000000e+00   1.3000000e+02  -1.0961149e+03
   4.9500000e+00   1.3000000e+02  -1.0350018e+03
   5.0000000e+00   1.3000000e+02  -9.7786406e+02
   5.0500000e+00   1.3000000e+02  -9.2434304e+02
   5.1000000e+00   1.3000000e+02  -8.7418481e+02
   5.1500000e+00   1.3000000e+02  -8.2715191e+02
   5.2000000e+00   1.3000000e+02  -7.8302929e+02
   5.2500000e+00   1.3000000e+02  -7.4164831e+02
   5.3000000e+00   1.3000000e+02  -7.0289492e+02
   5.3500000e+00   1.3000000e+02  -6.6630553e+02
   5.4000000e+00   1.3000000e+02  -6.3171619e+02
   5.4500000e+00   1.3000000e+02  -5.9932066e+02
   5.5000000e+00   1.3000000e+02  -5.6886908e+02
   5.5500000e+00   1.3000000e+02  -5.4007796e+02
   5.6000000e+00   1.3000000e+02  -5.1295658e+02
   5.6500000e+00   1.3000000e+02  -4.8736421e+02
   5.7000000e+00   1.3000000e+02  -4.6320044e+02
   5.7500000e+00   1.3000000e+02  -4.4037324e+02
   5.8000000e+00   1.3000000e+02  -4.1877865e+02
   5.8500000e+00   1.3000000e+02  -3.9839487e+02
   5.9000000e+00   1.3000000e+02  -3.7920764e+02
   5.9500000e+00   1.3000000e+02  -3.6093513e+02
   6.0000000e+00   1.3000000e+02  -3.4363241e+02
   6.1000000e+00   1.3000000e+02  -3.1170857e+02
   6.2000000e+00   1.3000000e+02  -2.8301928e+02
   6.3000000e+00   1.3000000e+02  -2.5720333e+02
   6.4000000e+00   1.3000000e+02  -2.3394552e+02
   6.5000000e+00   1.3000000e+02  -2.1297044e+02
   6.6000000e+00   1.3000000e+02  -1.9403390e+02
   6.7000000e+00   1.3000000e+02  -1.7690542e+02
   6.8000000e+00   1.3000000e+02  -1.6142966e+02
   6.9000000e+00   1.3000000e+02  -1.4742139e+02
   7.0000000e+00   1.3000000e+02  -1.3473156e+02
   7.1000000e+00   1.3000000e+02  -1.2319987e+02
   7.2000000e+00   1.3000000e+02  -1.1276172e+02
   7.3000000e+00   1.3000000e+02  -1.0328568e+02
   7.4000000e+00   1.3000000e+02  -9.4677310e+01
   7.5000000e+00   1.3000000e+02  -8.6853399e+01
   7.6000000e+00   1.3000000e+02  -7.9737598e+01
   7.7000000e+00   1.3000000e+02  -7.3263246e+01
   7.8000000e+00   1.3000000e+02  -6.7369524e+01
   7.9000000e+00   1.3000000e+02  -6.2001479e+01
   8.0000000e+00   1.3000000e+02  -5.7114011e+01
   8.1000000e+00   1.3000000e+02  -5.2655565e+01
   8.2000000e+00   1.3000000e+02  -4.8588787e+01
   8.3000000e+00   1.3000000e+02  -4.4876823e+01
   8.4000000e+00   1.3000000e+02  -4.1486577e+01
   8.5000000e+00   1.3000000e+02  -3.8388614e+01
   8.6000000e+00   1.3000000e+02  -3.5404002e+01
   8.7000000e+00   1.3000000e+02  -3.2814868e+01
   8.8000000e+00   1.3000000e+02  -3.0438870e+01
   8.9000000e+00   1.3000000e+02  -2.8260699e+01
   9.0000000e+00   1.3000000e+02  -2.6262156e+01
   9.1000000e+00   1.3000000e+02  -2.4426630e+01
   9.2000000e+00   1.3000000e+02  -2.2739476e+01
   9.3000000e+00   1.3000000e+02  -2.1200821e+01
   9.4000000e+00   1.3000000e+02  -1.9770644e+01
   9.5000000e+00   1.3000000e+02  -1.8452799e+01
   2.7500000e+00   1.4000000e+02   2.3329815e+04
   3.0000000e+00   1.4000000e+02   5.9075253e+03
   3.0500000e+00   1.4000000e+02   3.7987340e+03
   3.1000000e+00   1.4000000e+02   2.0395779e+03
   3.1500000e+00   1.4000000e+02   5.8810578e+02
   3.2000000e+00   1.4000000e+02  -5.9326421e+02
   3.2500000e+00   1.4000000e+02  -1.5391514e+03
   3.3000000e+00   1.4000000e+02  -2.2809119e+03
   3.3500000e+00   1.4000000e+02  -2.8463887e+03
   3.4000000e+00   1.4000000e+02  -3.2608731e+03
   3.4500000e+00   1.4000000e+02  -3.5459282e+03
   3.5000000e+00   1.4000000e+02  -3.7208457e+03
   3.5500000e+00   1.4000000e+02  -3.8387199e+03
   3.6000000e+00   1.4000000e+02  -3.9008630e+03
   3.6500000e+00   1.4000000e+02  -3.8998254e+03
   3.7000000e+00   1.4000000e+02  -3.8541768e+03
   3.7500000e+00   1.4000000e+02  -3.7738380e+03
   3.8000000e+00   1.4000000e+02  -3.6671503e+03
   3.8500000e+00   1.4000000e+02  -3.5412172e+03
   3.9000000e+00   1.4000000e+02  -3.4018188e+03
   3.9500000e+00   1.4000000e+02  -3.2537429e+03
   4.0000000e+00   1.4000000e+02  -3.1008699e+03
   4.0500000e+00   1.4000000e+02  -2.9463112e+03
   4.1000000e+00   1.4000000e+02  -2.7924961e+03
   4.1500000e+00   1.4000000e+02  -2.6413251e+03
   4.2000000e+00   1.4000000e+02  -2.4943004e+03
   4.2500000e+00   1.4000000e+02  -2.3525164e+03
   4.3000000e+00   1.4000000e+02  -2.2163902e+03
   4.3500000e+00   1.4000000e+02  -2.0866217e+03
   4.4000000e+00   1.4000000e+02  -1.9631157e+03
   4.4500000e+00   1.4000000e+02  -1.8469636e+03
   4.5000000e+00   1.4000000e+02  -1.7373199e+03
   4.5500000e+00   1.4000000e+02  -1.6343079e+03
   4.6000000e+00   1.4000000e+02  -1.5377414e+03
   4.6500000e+00   1.4000000e+02  -1.4473538e+03
   4.7000000e+00   1.4000000e+02  -1.3628773e+03
   4.7500000e+00   1.4000000e+02  -1.2840058e+03
   4.8000000e+00   1.4000000e+02  -1.2104143e+03
   4.8500000e+00   1.4000000e+02  -1.1417922e+03
   4.9000000e+00   1.4000000e+02  -1.0778001e+03
   4.9500000e+00   1.4000000e+02  -1.0181237e+03
   5.0000000e+00   1.4000000e+02  -9.6245501e+02
   5.0500000e+00   1.4000000e+02  -9.1049926e+02
   5.1000000e+00   1.4000000e+02  -8.6219430e+02
   5.1500000e+00   1.4000000e+02  -8.1683939e+02
   5.2000000e+00   1.4000000e+02  -7.7442239e+02
   5.2500000e+00   1.4000000e+02  -7.3468410e+02
   5.3000000e+00   1.4000000e+02  -6.9742949e+02
   5.3500000e+00   1.4000000e+02  -6.6246410e+02
   5.4000000e+00   1.4000000e+02  -6.2960907e+02
   5.4500000e+00   1.4000000e+02  -5.9870860e+02
   5.5000000e+00   1.4000000e+02  -5.6959961e+02
   5.5500000e+00   1.4000000e+02  -5.4215328e+02
   5.6000000e+00   1.4000000e+02  -5.1624639e+02
   5.6500000e+00   1.4000000e+02  -4.9172272e+02
   5.7000000e+00   1.4000000e+02  -4.6860042e+02
   5.7500000e+00   1.4000000e+02  -4.4665072e+02
   5.8000000e+00   1.4000000e+02  -4.2588285e+02
   5.8500000e+00   1.4000000e+02  -4.0618838e+02
   5.9000000e+00   1.4000000e+02  -3.8749933e+02
   5.9500000e+00   1.4000000e+02  -3.6975234e+02
   6.0000000e+00   1.4000000e+02  -3.5289001e+02
   6.1000000e+00   1.4000000e+02  -3.2161288e+02
   6.2000000e+00   1.4000000e+02  -2.9330017e+02
   6.3000000e+00   1.4000000e+02  -2.6762804e+02
   6.4000000e+00   1.4000000e+02  -2.4432586e+02
   6.5000000e+00   1.4000000e+02  -2.2315643e+02
   6.6000000e+00   1.4000000e+02  -2.0378088e+02
   6.7000000e+00   1.4000000e+02  -1.8638943e+02
   6.8000000e+00   1.4000000e+02  -1.7045542e+02
   6.9000000e+00   1.4000000e+02  -1.5594840e+02
   7.0000000e+00   1.4000000e+02  -1.4273638e+02
   7.1000000e+00   1.4000000e+02  -1.3069942e+02
   7.2000000e+00   1.4000000e+02  -1.1973021e+02
   7.3000000e+00   1.4000000e+02  -1.0970469e+02
   7.4000000e+00   1.4000000e+02  -1.0060606e+02
   7.5000000e+00   1.4000000e+02  -9.2277974e+01
   7.6000000e+00   1.4000000e+02  -8.4697948e+01
   7.7000000e+00   1.4000000e+02  -7.7785448e+01
   7.8000000e+00   1.4000000e+02  -7.1479979e+01
   7.9000000e+00   1.4000000e+02  -6.5727834e+01
   8.0000000e+00   1.4000000e+02  -6.0480380e+01
   8.1000000e+00   1.4000000e+02  -5.5692478e+01
   8.2000000e+00   1.4000000e+02  -5.1327135e+01
   8.3000000e+00   1.4000000e+02  -4.7339397e+01
   8.4000000e+00   1.4000000e+02  -4.3698416e+01
   8.5000000e+00   1.4000000e+02  -4.0372924e+01
   8.6000000e+00   1.4000000e+02  -3.7334132e+01
   8.7000000e+00   1.4000000e+02  -3.4555543e+01
   8.8000000e+00   1.4000000e+02  -3.1866297e+01
   8.9000000e+00   1.4000000e+02  -2.9538881e+01
   9.0000000e+00   1.4000000e+02  -2.7406613e+01
   9.1000000e+00   1.4000000e+02  -2.5451518e+01
   9.2000000e+00   1.4000000e+02  -2.3657225e+01
   9.3000000e+00   1.4000000e+02  -2.2033156e+01
   9.4000000e+00   1.4000000e+02  -2.0507908e+01
   9.5000000e+00   1.4000000e+02  -1.9113630e+01
   2.7500000e+00   1.5000000e+02   9.9578092e+04
   3.0000000e+00   1.5000000e+02   4.7092056e+04
   3.0500000e+00   1.5000000e+02   3.9958774e+04
   3.1000000e+00   1.5000000e+02   3.3730018e+04
   3.1500000e+00   1.5000000e+02   2.8317857e+04
   3.2000000e+00   1.5000000e+02   2.3638563e+04
   3.2500000e+00   1.5000000e+02   1.9612911e+04
   3.3000000e+00   1.5000000e+02   1.6167090e+04
   3.3500000e+00   1.5000000e+02   1.3233630e+04
   3.4000000e+00   1.5000000e+02   1.0750315e+04
   3.4500000e+00   1.5000000e+02   8.6613699e+03
   3.5000000e+00   1.5000000e+02   6.9167905e+03
   3.5500000e+00   1.5000000e+02   5.4729584e+03
   3.6000000e+00   1.5000000e+02   4.2956038e+03
   3.6500000e+00   1.5000000e+02   3.1465296e+03
   3.7000000e+00   1.5000000e+02   2.3008593e+03
   3.7500000e+00   1.5000000e+02   1.6091799e+03
   3.8000000e+00   1.5000000e+02   1.0472786e+03
   3.8500000e+00   1.5000000e+02   5.9433024e+02
   3.9000000e+00   1.5000000e+02   2.3241724e+02
   3.9500000e+00   1.5000000e+02  -5.3873410e+01
   4.0000000e+00   1.5000000e+02  -2.7757965e+02
   4.0500000e+00   1.5000000e+02  -4.4979263e+02
   4.1000000e+00   1.5000000e+02  -5.7988271e+02
   4.1500000e+00   1.5000000e+02  -6.7573465e+02
   4.2000000e+00   1.5000000e+02  -7.4393221e+02
   4.2500000e+00   1.5000000e+02  -7.9021711e+02
   4.3000000e+00   1.5000000e+02  -8.1860256e+02
   4.3500000e+00   1.5000000e+02  -8.3325194e+02
   4.4000000e+00   1.5000000e+02  -8.3691997e+02
   4.4500000e+00   1.5000000e+02  -8.3286528e+02
   4.5000000e+00   1.5000000e+02  -8.2253120e+02
   4.5500000e+00   1.5000000e+02  -8.0773193e+02
   4.6000000e+00   1.5000000e+02  -7.8978753e+02
   4.6500000e+00   1.5000000e+02  -7.6974061e+02
   4.7000000e+00   1.5000000e+02  -7.4841654e+02
   4.7500000e+00   1.5000000e+02  -7.2640900e+02
   4.8000000e+00   1.5000000e+02  -7.0420093e+02
   4.8500000e+00   1.5000000e+02  -6.8213495e+02
   4.9000000e+00   1.5000000e+02  -6.6045321e+02
   4.9500000e+00   1.5000000e+02  -6.3931840e+02
   5.0000000e+00   1.5000000e+02  -6.1906305e+02
   5.0500000e+00   1.5000000e+02  -5.9927357e+02
   5.1000000e+00   1.5000000e+02  -5.8020310e+02
   5.1500000e+00   1.5000000e+02  -5.6184395e+02
   5.2000000e+00   1.5000000e+02  -5.4417094e+02
   5.2500000e+00   1.5000000e+02  -5.2714741e+02
   5.3000000e+00   1.5000000e+02  -5.1073008e+02
   5.3500000e+00   1.5000000e+02  -4.9487298e+02
   5.4000000e+00   1.5000000e+02  -4.7953017e+02
   5.4500000e+00   1.5000000e+02  -4.6465789e+02
   5.5000000e+00   1.5000000e+02  -4.5022514e+02
   5.5500000e+00   1.5000000e+02  -4.3617635e+02
   5.6000000e+00   1.5000000e+02  -4.2248992e+02
   5.6500000e+00   1.5000000e+02  -4.0914745e+02
   5.7000000e+00   1.5000000e+02  -3.9611130e+02
   5.7500000e+00   1.5000000e+02  -3.8337111e+02
   5.8000000e+00   1.5000000e+02  -3.7091398e+02
   5.8500000e+00   1.5000000e+02  -3.5875845e+02
   5.9000000e+00   1.5000000e+02  -3.4680763e+02
   5.9500000e+00   1.5000000e+02  -3.3514689e+02
   6.0000000e+00   1.5000000e+02  -3.2374346e+02
   6.1000000e+00   1.5000000e+02  -3.0170442e+02
   6.2000000e+00   1.5000000e+02  -2.8069236e+02
   6.3000000e+00   1.5000000e+02  -2.6071686e+02
   6.4000000e+00   1.5000000e+02  -2.4176352e+02
   6.5000000e+00   1.5000000e+02  -2.2386031e+02
   6.6000000e+00   1.5000000e+02  -2.0703165e+02
   6.7000000e+00   1.5000000e+02  -1.9124242e+02
   6.8000000e+00   1.5000000e+02  -1.7647385e+02
   6.9000000e+00   1.5000000e+02  -1.6270513e+02
   7.0000000e+00   1.5000000e+02  -1.4988588e+02
   7.1000000e+00   1.5000000e+02  -1.3799469e+02
   7.2000000e+00   1.5000000e+02  -1.2698331e+02
   7.3000000e+00   1.5000000e+02  -1.1680696e+02
   7.4000000e+00   1.5000000e+02  -1.0739125e+02
   7.5000000e+00   1.5000000e+02  -9.8741580e+01
   7.6000000e+00   1.5000000e+02  -9.0800624e+01
   7.7000000e+00   1.5000000e+02  -8.3473553e+01
   7.8000000e+00   1.5000000e+02  -7.6762981e+01
   7.9000000e+00   1.5000000e+02  -7.0609453e+01
   8.0000000e+00   1.5000000e+02  -6.4971047e+01
   8.1000000e+00   1.5000000e+02  -5.9808074e+01
   8.2000000e+00   1.5000000e+02  -5.5082777e+01
   8.3000000e+00   1.5000000e+02  -5.0760262e+01
   8.4000000e+00   1.5000000e+02  -4.6811339e+01
   8.5000000e+00   1.5000000e+02  -4.3197417e+01
   8.6000000e+00   1.5000000e+02  -3.9892788e+01
   8.7000000e+00   1.5000000e+02  -3.6871437e+01
   8.8000000e+00   1.5000000e+02  -3.3960019e+01
   8.9000000e+00   1.5000000e+02  -3.1431009e+01
   9.0000000e+00   1.5000000e+02  -2.9115753e+01
   9.1000000e+00   1.5000000e+02  -2.6995412e+01
   9.2000000e+00   1.5000000e+02  -2.5051787e+01
   9.3000000e+00   1.5000000e+02  -2.3292721e+01
   9.4000000e+00   1.5000000e+02  -2.1646411e+01
   9.5000000e+00   1.5000000e+02  -2.0142833e+01
   2.7500000e+00   1.6000000e+02   3.1743626e+05
   3.0000000e+00   1.6000000e+02   1.8555523e+05
   3.0500000e+00   1.6000000e+02   1.6475448e+05
   3.1000000e+00   1.6000000e+02   1.4570242e+05
   3.1500000e+00   1.6000000e+02   1.2836789e+05
   3.2000000e+00   1.6000000e+02   1.1270184e+05
   3.2500000e+00   1.6000000e+02   9.8634584e+04
   3.3000000e+00   1.6000000e+02   8.6078072e+04
   3.3500000e+00   1.6000000e+02   7.4931806e+04
   3.4000000e+00   1.6000000e+02   6.5086291e+04
   3.4500000e+00   1.6000000e+02   5.6429254e+04
   3.5000000e+00   1.6000000e+02   4.8848969e+04
   3.5500000e+00   1.6000000e+02   4.2238588e+04
   3.6000000e+00   1.6000000e+02   3.6496590e+04
   3.6500000e+00   1.6000000e+02   3.1373973e+04
   3.7000000e+00   1.6000000e+02   2.7002769e+04
   3.7500000e+00   1.6000000e+02   2.3220971e+04
   3.8000000e+00   1.6000000e+02   1.9955011e+04
   3.8500000e+00   1.6000000e+02   1.7139723e+04
   3.9000000e+00   1.6000000e+02   1.4716205e+04
   3.9500000e+00   1.6000000e+02   1.2632740e+04
   4.0000000e+00   1.6000000e+02   1.0843284e+04
   4.0500000e+00   1.6000000e+02   9.3079063e+03
   4.1000000e+00   1.6000000e+02   7.9912190e+03
   4.1500000e+00   1.6000000e+02   6.8625575e+03
   4.2000000e+00   1.6000000e+02   5.8951614e+03
   4.2500000e+00   1.6000000e+02   5.0660459e+03
   4.3000000e+00   1.6000000e+02   4.3551063e+03
   4.3500000e+00   1.6000000e+02   3.7451397e+03
   4.4000000e+00   1.6000000e+02   3.2211601e+03
   4.4500000e+00   1.6000000e+02   2.7704904e+03
   4.5000000e+00   1.6000000e+02   2.3822324e+03
   4.5500000e+00   1.6000000e+02   2.0468363e+03
   4.6000000e+00   1.6000000e+02   1.7569225e+03
   4.6500000e+00   1.6000000e+02   1.5055386e+03
   4.7000000e+00   1.6000000e+02   1.2870186e+03
   4.7500000e+00   1.6000000e+02   1.0965799e+03
   4.8000000e+00   1.6000000e+02   9.3019101e+02
   4.8500000e+00   1.6000000e+02   7.8445658e+02
   4.9000000e+00   1.6000000e+02   6.5651775e+02
   4.9500000e+00   1.6000000e+02   5.4420613e+02
   5.0000000e+00   1.6000000e+02   4.4501049e+02
   5.0500000e+00   1.6000000e+02   3.5746074e+02
   5.1000000e+00   1.6000000e+02   2.8010775e+02
   5.1500000e+00   1.6000000e+02   2.1172108e+02
   5.2000000e+00   1.6000000e+02   1.5125406e+02
   5.2500000e+00   1.6000000e+02   9.7811036e+01
   5.3000000e+00   1.6000000e+02   5.0622551e+01
   5.3500000e+00   1.6000000e+02   9.0240641e+00
   5.4000000e+00   1.6000000e+02  -2.7753552e+01
   5.4500000e+00   1.6000000e+02  -5.9830419e+01
   5.5000000e+00   1.6000000e+02  -8.7844826e+01
   5.5500000e+00   1.6000000e+02  -1.1219047e+02
   5.6000000e+00   1.6000000e+02  -1.3321884e+02
   5.6500000e+00   1.6000000e+02  -1.5124517e+02
   5.7000000e+00   1.6000000e+02  -1.6655416e+02
   5.7500000e+00   1.6000000e+02  -1.7940432e+02
   5.8000000e+00   1.6000000e+02  -1.9003223e+02
   5.8500000e+00   1.6000000e+02  -1.9848804e+02
   5.9000000e+00   1.6000000e+02  -2.0534583e+02
   5.9500000e+00   1.6000000e+02  -2.1067211e+02
   6.0000000e+00   1.6000000e+02  -2.1442900e+02
   6.1000000e+00   1.6000000e+02  -2.1809129e+02
   6.2000000e+00   1.6000000e+02  -2.1766144e+02
   6.3000000e+00   1.6000000e+02  -2.1404329e+02
   6.4000000e+00   1.6000000e+02  -2.0801930e+02
   6.5000000e+00   1.6000000e+02  -2.0024121e+02
   6.6000000e+00   1.6000000e+02  -1.9124340e+02
   6.7000000e+00   1.6000000e+02  -1.8146126e+02
   6.8000000e+00   1.6000000e+02  -1.7124233e+02
   6.9000000e+00   1.6000000e+02  -1.6081043e+02
   7.0000000e+00   1.6000000e+02  -1.5047775e+02
   7.1000000e+00   1.6000000e+02  -1.4035439e+02
   7.2000000e+00   1.6000000e+02  -1.3055797e+02
   7.3000000e+00   1.6000000e+02  -1.2117184e+02
   7.4000000e+00   1.6000000e+02  -1.1225065e+02
   7.5000000e+00   1.6000000e+02  -1.0382835e+02
   7.6000000e+00   1.6000000e+02  -9.5894483e+01
   7.7000000e+00   1.6000000e+02  -8.8505263e+01
   7.8000000e+00   1.6000000e+02  -8.1627389e+01
   7.9000000e+00   1.6000000e+02  -7.5246927e+01
   8.0000000e+00   1.6000000e+02  -6.9344143e+01
   8.1000000e+00   1.6000000e+02  -6.3896757e+01
   8.2000000e+00   1.6000000e+02  -5.8879230e+01
   8.3000000e+00   1.6000000e+02  -5.4265590e+01
   8.4000000e+00   1.6000000e+02  -5.0028834e+01
   8.5000000e+00   1.6000000e+02  -4.6142489e+01
   8.6000000e+00   1.6000000e+02  -4.2438482e+01
   8.7000000e+00   1.6000000e+02  -3.9175702e+01
   8.8000000e+00   1.6000000e+02  -3.6188911e+01
   8.9000000e+00   1.6000000e+02  -3.3454291e+01
   9.0000000e+00   1.6000000e+02  -3.0950614e+01
   9.1000000e+00   1.6000000e+02  -2.8682270e+01
   9.2000000e+00   1.6000000e+02  -2.6571832e+01
   9.3000000e+00   1.6000000e+02  -2.4646761e+01
   9.4000000e+00   1.6000000e+02  -2.2881537e+01
   9.5000000e+00   1.6000000e+02  -2.1261411e+01
   2.7500000e+00   1.7000000e+02   1.3226425e+06
   3.0000000e+00   1.7000000e+02   8.2265611e+05
   3.0500000e+00   1.7000000e+02   7.2011782e+05
   3.1000000e+00   1.7000000e+02   6.2387163e+05
   3.1500000e+00   1.7000000e+02   5.3656578e+05
   3.2000000e+00   1.7000000e+02   4.5895660e+05
   3.2500000e+00   1.7000000e+02   3.9061400e+05
   3.3000000e+00   1.7000000e+02   3.3148391e+05
   3.3500000e+00   1.7000000e+02   2.8085140e+05
   3.4000000e+00   1.7000000e+02   2.3781140e+05
   3.4500000e+00   1.7000000e+02   2.0140093e+05
   3.5000000e+00   1.7000000e+02   1.7068720e+05
   3.5500000e+00   1.7000000e+02   1.4481639e+05
   3.6000000e+00   1.7000000e+02   1.2303365e+05
   3.6500000e+00   1.7000000e+02   1.0468593e+05
   3.7000000e+00   1.7000000e+02   8.9216044e+04
   3.7500000e+00   1.7000000e+02   7.6153180e+04
   3.8000000e+00   1.7000000e+02   6.5103550e+04
   3.8500000e+00   1.7000000e+02   5.5739226e+04
   3.9000000e+00   1.7000000e+02   4.7788279e+04
   3.9500000e+00   1.7000000e+02   4.1025532e+04
   4.0000000e+00   1.7000000e+02   3.5264764e+04
   4.0500000e+00   1.7000000e+02   3.0350228e+04
   4.1000000e+00   1.7000000e+02   2.6153159e+04
   4.1500000e+00   1.7000000e+02   2.2564674e+04
   4.2000000e+00   1.7000000e+02   1.9493515e+04
   4.2500000e+00   1.7000000e+02   1.6862064e+04
   4.3000000e+00   1.7000000e+02   1.4605103e+04
   4.3500000e+00   1.7000000e+02   1.2667214e+04
   4.4000000e+00   1.7000000e+02   1.1001299e+04
   4.4500000e+00   1.7000000e+02   9.5673001e+03
   4.5000000e+00   1.7000000e+02   8.3308881e+03
   4.5500000e+00   1.7000000e+02   7.2634756e+03
   4.6000000e+00   1.7000000e+02   6.3401039e+03
   4.6500000e+00   1.7000000e+02   5.5397163e+03
   4.7000000e+00   1.7000000e+02   4.8444057e+03
   4.7500000e+00   1.7000000e+02   4.2389665e+03
   4.8000000e+00   1.7000000e+02   3.7105019e+03
   4.8500000e+00   1.7000000e+02   3.2480889e+03
   4.9000000e+00   1.7000000e+02   2.8424870e+03
   4.9500000e+00   1.7000000e+02   2.4860995e+03
   5.0000000e+00   1.7000000e+02   2.1718802e+03
   5.0500000e+00   1.7000000e+02   1.8944536e+03
   5.1000000e+00   1.7000000e+02   1.6490766e+03
   5.1500000e+00   1.7000000e+02   1.4317178e+03
   5.2000000e+00   1.7000000e+02   1.2389397e+03
   5.2500000e+00   1.7000000e+02   1.0678024e+03
   5.3000000e+00   1.7000000e+02   9.1577988e+02
   5.3500000e+00   1.7000000e+02   7.8069245e+02
   5.4000000e+00   1.7000000e+02   6.6065113e+02
   5.4500000e+00   1.7000000e+02   5.5401099e+02
   5.5000000e+00   1.7000000e+02   4.5933278e+02
   5.5500000e+00   1.7000000e+02   3.7541131e+02
   5.6000000e+00   1.7000000e+02   3.0101232e+02
   5.6500000e+00   1.7000000e+02   2.3497619e+02
   5.7000000e+00   1.7000000e+02   1.7688867e+02
   5.7500000e+00   1.7000000e+02   1.2573266e+02
   5.8000000e+00   1.7000000e+02   8.0805534e+01
   5.8500000e+00   1.7000000e+02   4.1478672e+01
   5.9000000e+00   1.7000000e+02   7.1844773e+00
   5.9500000e+00   1.7000000e+02  -2.2588708e+01
   6.0000000e+00   1.7000000e+02  -4.8313285e+01
   6.1000000e+00   1.7000000e+02  -8.9040531e+01
   6.2000000e+00   1.7000000e+02  -1.1823799e+02
   6.3000000e+00   1.7000000e+02  -1.3812960e+02
   6.4000000e+00   1.7000000e+02  -1.5085826e+02
   6.5000000e+00   1.7000000e+02  -1.5768628e+02
   6.6000000e+00   1.7000000e+02  -1.6011156e+02
   6.7000000e+00   1.7000000e+02  -1.5920495e+02
   6.8000000e+00   1.7000000e+02  -1.5583228e+02
   6.9000000e+00   1.7000000e+02  -1.5068619e+02
   7.0000000e+00   1.7000000e+02  -1.4426756e+02
   7.1000000e+00   1.7000000e+02  -1.3710651e+02
   7.2000000e+00   1.7000000e+02  -1.2948990e+02
   7.3000000e+00   1.7000000e+02  -1.2167394e+02
   7.4000000e+00   1.7000000e+02  -1.1385343e+02
   7.5000000e+00   1.7000000e+02  -1.0617217e+02
   7.6000000e+00   1.7000000e+02  -9.8733356e+01
   7.7000000e+00   1.7000000e+02  -9.1581998e+01
   7.8000000e+00   1.7000000e+02  -8.4817888e+01
   7.9000000e+00   1.7000000e+02  -7.8442235e+01
   8.0000000e+00   1.7000000e+02  -7.2467760e+01
   8.1000000e+00   1.7000000e+02  -6.6896294e+01
   8.2000000e+00   1.7000000e+02  -6.1721346e+01
   8.3000000e+00   1.7000000e+02  -5.6785317e+01
   8.4000000e+00   1.7000000e+02  -5.2356344e+01
   8.5000000e+00   1.7000000e+02  -4.8287174e+01
   8.6000000e+00   1.7000000e+02  -4.4543792e+01
   8.7000000e+00   1.7000000e+02  -4.1104661e+01
   8.8000000e+00   1.7000000e+02  -3.7949898e+01
   8.9000000e+00   1.7000000e+02  -3.5058599e+01
   9.0000000e+00   1.7000000e+02  -3.2433372e+01
   9.1000000e+00   1.7000000e+02  -2.9996267e+01
   9.2000000e+00   1.7000000e+02  -2.7772906e+01
   9.3000000e+00   1.7000000e+02  -2.5735449e+01
   9.4000000e+00   1.7000000e+02  -2.3867947e+01
   9.5000000e+00   1.7000000e+02  -2.2155152e+01
   2.7500000e+00   1.8000000e+02   5.9440577e+07
   3.0000000e+00   1.8000000e+02   9.2076522e+06
   3.0500000e+00   1.8000000e+02   5.5554970e+06
   3.1000000e+00   1.8000000e+02   3.2490336e+06
   3.1500000e+00   1.8000000e+02   1.9514969e+06
   3.2000000e+00   1.8000000e+02   1.3261222e+06
   3.2500000e+00   1.8000000e+02   1.0361444e+06
   3.3000000e+00   1.8000000e+02   8.1264126e+05
   3.3500000e+00   1.8000000e+02   6.4058240e+05
   3.4000000e+00   1.8000000e+02   5.0810303e+05
   3.4500000e+00   1.8000000e+02   4.0587018e+05
   3.5000000e+00   1.8000000e+02   3.2665297e+05
   3.5500000e+00   1.8000000e+02   2.6491676e+05
   3.6000000e+00   1.8000000e+02   2.1646158e+05
   3.6500000e+00   1.8000000e+02   1.7812469e+05
   3.7000000e+00   1.8000000e+02   1.4753938e+05
   3.7500000e+00   1.8000000e+02   1.2293794e+05
   3.8000000e+00   1.8000000e+02   1.0299393e+05
   3.8500000e+00   1.8000000e+02   8.6704758e+04
   3.9000000e+00   1.8000000e+02   7.3306816e+04
   3.9500000e+00   1.8000000e+02   6.2214548e+04
   4.0000000e+00   1.8000000e+02   5.2976375e+04
   4.0500000e+00   1.8000000e+02   4.5241816e+04
   4.1000000e+00   1.8000000e+02   3.8736456e+04
   4.1500000e+00   1.8000000e+02   3.3243354e+04
   4.2000000e+00   1.8000000e+02   2.8590127e+04
   4.2500000e+00   1.8000000e+02   2.4636844e+04
   4.3000000e+00   1.8000000e+02   2.1270119e+04
   4.3500000e+00   1.8000000e+02   1.8396266e+04
   4.4000000e+00   1.8000000e+02   1.5938275e+04
   4.4500000e+00   1.8000000e+02   1.3831904e+04
   4.5000000e+00   1.8000000e+02   1.2023216e+04
   4.5500000e+00   1.8000000e+02   1.0467517e+04
   4.6000000e+00   1.8000000e+02   9.1265915e+03
   4.6500000e+00   1.8000000e+02   7.9683528e+03
   4.7000000e+00   1.8000000e+02   6.9656794e+03
   4.7500000e+00   1.8000000e+02   6.0956343e+03
   4.8000000e+00   1.8000000e+02   5.3388271e+03
   4.8500000e+00   1.8000000e+02   4.6790686e+03
   4.9000000e+00   1.8000000e+02   4.1021090e+03
   4.9500000e+00   1.8000000e+02   3.5964640e+03
   5.0000000e+00   1.8000000e+02   3.1522634e+03
   5.0500000e+00   1.8000000e+02   2.7611819e+03
   5.1000000e+00   1.8000000e+02   2.4161699e+03
   5.1500000e+00   1.8000000e+02   2.1112601e+03
   5.2000000e+00   1.8000000e+02   1.8413809e+03
   5.2500000e+00   1.8000000e+02   1.6022119e+03
   5.3000000e+00   1.8000000e+02   1.3900567e+03
   5.3500000e+00   1.8000000e+02   1.2017382e+03
   5.4000000e+00   1.8000000e+02   1.0345144e+03
   5.4500000e+00   1.8000000e+02   8.8600690e+02
   5.5000000e+00   1.8000000e+02   7.5414389e+02
   5.5500000e+00   1.8000000e+02   6.3711184e+02
   5.6000000e+00   1.8000000e+02   5.3331742e+02
   5.6500000e+00   1.8000000e+02   4.4141346e+02
   5.7000000e+00   1.8000000e+02   3.6003648e+02
   5.7500000e+00   1.8000000e+02   2.8791587e+02
   5.8000000e+00   1.8000000e+02   2.2451754e+02
   5.8500000e+00   1.8000000e+02   1.6873574e+02
   5.9000000e+00   1.8000000e+02   1.1978203e+02
   5.9500000e+00   1.8000000e+02   7.6949428e+01
   6.0000000e+00   1.8000000e+02   3.9601834e+01
   6.1000000e+00   1.8000000e+02  -2.0912296e+01
   6.2000000e+00   1.8000000e+02  -6.5429330e+01
   6.3000000e+00   1.8000000e+02  -9.7583395e+01
   6.4000000e+00   1.8000000e+02  -1.1980442e+02
   6.5000000e+00   1.8000000e+02  -1.3440570e+02
   6.6000000e+00   1.8000000e+02  -1.4277491e+02
   6.7000000e+00   1.8000000e+02  -1.4649803e+02
   6.8000000e+00   1.8000000e+02  -1.4670890e+02
   6.9000000e+00   1.8000000e+02  -1.4431805e+02
   7.0000000e+00   1.8000000e+02  -1.4004879e+02
   7.1000000e+00   1.8000000e+02  -1.3442596e+02
   7.2000000e+00   1.8000000e+02  -1.2799301e+02
   7.3000000e+00   1.8000000e+02  -1.2104697e+02
   7.4000000e+00   1.8000000e+02  -1.1385316e+02
   7.5000000e+00   1.8000000e+02  -1.0661232e+02
   7.6000000e+00   1.8000000e+02  -9.9471894e+01
   7.7000000e+00   1.8000000e+02  -9.2511657e+01
   7.8000000e+00   1.8000000e+02  -8.5858483e+01
   7.9000000e+00   1.8000000e+02  -7.9551360e+01
   8.0000000e+00   1.8000000e+02  -7.3571769e+01
   8.1000000e+00   1.8000000e+02  -6.7837232e+01
   8.2000000e+00   1.8000000e+02  -6.2622434e+01
   8.3000000e+00   1.8000000e+02  -5.7778930e+01
   8.4000000e+00   1.8000000e+02  -5.3295510e+01
   8.5000000e+00   1.8000000e+02  -4.9156824e+01
   8.6000000e+00   1.8000000e+02  -4.5345908e+01
   8.7000000e+00   1.8000000e+02  -4.1846690e+01
   8.8000000e+00   1.8000000e+02  -3.8630580e+01
   8.9000000e+00   1.8000000e+02  -3.5704569e+01
   9.0000000e+00   1.8000000e+02  -3.2990035e+01
   9.1000000e+00   1.8000000e+02  -3.0512183e+01
   9.2000000e+00   1.8000000e+02  -2.8241604e+01
   9.3000000e+00   1.8000000e+02  -2.6160669e+01
   9.4000000e+00   1.8000000e+02  -2.4253549e+01
   9.5000000e+00   1.8000000e+02  -2.2504229e+01
